2_45149373_G_T	-3.800e-02	0.18	3.9e-07
8_3590092_T_G	-2.900e-02	0.46	9.8e-07
1_14338328_G_A	3.500e-02	0.82	1e-06
1_14341157_G_A	3.500e-02	0.82	1e-06
2_143276768_A_T	-3.600e-02	0.20	1e-06
2_143283657_C_T	-3.600e-02	0.20	1e-06
2_143285640_C_T	-3.600e-02	0.20	1e-06
2_143278687_A_G	-3.600e-02	0.20	1.1e-06
2_143280149_T_G	-3.600e-02	0.20	1.1e-06
2_143284858_T_C	-3.600e-02	0.20	1.1e-06
2_143287423_C_T	-3.600e-02	0.20	1.1e-06
2_143288100_A_C	-3.600e-02	0.20	1.1e-06
2_143280019_T_A	-3.600e-02	0.20	1.2e-06
2_143283528_C_T	-3.600e-02	0.20	1.3e-06
7_41811908_C_T	-2.900e-02	0.68	1.3e-06
2_45158238_C_T	-3.800e-02	0.16	1.4e-06
2_143272903_C_T	-4.100e-02	0.13	1.5e-06
8_3595317_C_A	2.800e-02	0.52	1.5e-06
7_41708796_G_T	-3.200e-02	0.80	1.7e-06
2_143273366_C_T	-4.000e-02	0.13	1.8e-06
2_143278620_G_C	-4.300e-02	0.12	1.8e-06
7_41713113_T_C	-3.200e-02	0.80	1.8e-06
2_143274520_G_C	-4.000e-02	0.13	1.9e-06
2_143275792_G_A	-4.000e-02	0.13	2e-06
2_143299285_G_A	-3.500e-02	0.20	2.1e-06
2_45150278_G_C	-3.700e-02	0.16	2.2e-06
2_45143739_G_C	-3.700e-02	0.16	2.3e-06
2_45142078_G_A	-3.700e-02	0.16	2.4e-06
2_143275342_G_A	-4.200e-02	0.12	2.4e-06
7_41717826_C_G	-3.200e-02	0.80	2.4e-06
7_41718107_T_G	-3.200e-02	0.80	2.4e-06
2_143276280_C_A	-4.200e-02	0.12	3.1e-06
2_143301247_T_C	-4.200e-02	0.12	3.1e-06
7_41722494_T_C	-3.100e-02	0.80	3.2e-06
2_143290351_G_C	-3.600e-02	0.17	3.7e-06
2_143290432_T_C	-3.600e-02	0.17	3.9e-06
2_143289007_C_G	-3.600e-02	0.17	4e-06
2_143294562_T_C	-3.600e-02	0.17	4e-06
2_143286864_G_T	-3.600e-02	0.17	4.2e-06
2_143287317_T_C	-3.600e-02	0.17	4.2e-06
2_143287560_G_T	-3.600e-02	0.17	4.2e-06
2_143297745_G_A	-3.600e-02	0.17	4.3e-06
2_143298584_A_G	-3.600e-02	0.17	4.4e-06
2_143284165_T_C	-3.500e-02	0.17	4.5e-06
2_143298794_C_T	-3.500e-02	0.17	4.5e-06
2_143298890_T_G	-3.600e-02	0.17	4.5e-06
2_143300959_A_T	-3.600e-02	0.17	4.5e-06
14_35383550_T_G	3.100e-02	0.22	4.5e-06
2_143258580_G_T	-4.200e-02	0.12	4.6e-06
2_143299946_A_G	-3.500e-02	0.17	4.7e-06
2_143301846_G_A	-3.600e-02	0.17	4.9e-06
7_41779711_C_T	-2.600e-02	0.63	5.1e-06
7_41782208_C_T	-2.600e-02	0.64	5.1e-06
7_41783101_A_G	-2.600e-02	0.64	5.1e-06
2_143281134_C_A	-3.500e-02	0.17	5.4e-06
2_143301347_T_C	-3.500e-02	0.17	5.5e-06
7_41810335_A_G	-2.600e-02	0.64	5.5e-06
2_143291667_G_T	-3.700e-02	0.15	5.6e-06
2_143285989_T_G	-3.700e-02	0.15	5.8e-06
7_41807374_C_T	-2.600e-02	0.64	6.6e-06
7_41806538_C_T	-2.600e-02	0.64	6.7e-06
11_93311765_T_C	-1.300e-01	0.99	6.7e-06
11_93302674_C_T	1.300e-01	0.02	7e-06
2_45162618_C_T	-3.400e-02	0.17	7.2e-06
14_35470049_G_A	3.200e-02	0.21	7.2e-06
3_166776203_A_G	3.400e-02	0.78	7.3e-06
3_166746558_C_T	3.400e-02	0.82	7.4e-06
1_72496892_T_A	-3.700e-02	0.31	7.6e-06
3_166755366_G_T	3.400e-02	0.82	7.9e-06
2_45145596_G_A	-3.100e-02	0.22	8.2e-06
3_166771238_C_G	3.400e-02	0.82	8.2e-06
3_166747013_A_G	3.300e-02	0.82	8.3e-06
12_39386976_C_T	-3.100e-02	0.35	8.3e-06
3_166757162_G_A	3.300e-02	0.82	9e-06
3_166769772_G_C	3.300e-02	0.82	9e-06
3_166757541_C_T	3.300e-02	0.81	9.2e-06
14_35619816_A_G	3.300e-02	0.17	9.5e-06
2_45146444_C_T	-3.000e-02	0.22	1e-05
2_45147316_C_A	-3.000e-02	0.22	1e-05
3_166720479_T_C	-3.400e-02	0.18	1e-05
3_186463956_G_C	-2.600e-02	0.64	1e-05
14_35816921_T_G	3.100e-02	0.19	1e-05
2_45145861_G_A	-3.000e-02	0.22	1.1e-05
2_45152748_T_C	-3.300e-02	0.18	1.1e-05
3_166723217_C_A	-3.300e-02	0.18	1.1e-05
3_166727089_A_G	-3.300e-02	0.18	1.1e-05
6_17581806_G_A	-2.600e-02	0.62	1.1e-05
6_17582195_C_T	2.600e-02	0.38	1.1e-05
14_35572357_C_T	3.300e-02	0.17	1.1e-05
14_35572547_C_T	3.300e-02	0.17	1.1e-05
2_45147724_A_C	-3.000e-02	0.22	1.2e-05
2_45148135_C_T	-3.000e-02	0.22	1.2e-05
3_186466858_G_A	-2.600e-02	0.64	1.2e-05
4_64007098_T_C	-2.500e-02	0.62	1.2e-05
8_68895367_T_C	3.000e-02	0.26	1.2e-05
8_78271297_C_T	-3.500e-02	0.13	1.2e-05
14_35592538_C_G	3.300e-02	0.17	1.2e-05
14_35822839_C_T	3.200e-02	0.17	1.2e-05
1_240361446_A_G	5.100e-02	0.06	1.3e-05
3_166731096_A_G	-3.300e-02	0.18	1.3e-05
8_78270374_T_A	-3.400e-02	0.13	1.3e-05
3_166791590_A_G	2.700e-02	0.71	1.4e-05
4_64117311_G_A	3.500e-02	0.15	1.4e-05
14_35367889_G_A	3.000e-02	0.20	1.4e-05
2_45150477_A_T	-3.000e-02	0.22	1.5e-05
2_45151055_T_C	-3.000e-02	0.22	1.5e-05
2_143261959_T_C	-3.200e-02	0.19	1.5e-05
3_166792600_C_G	2.700e-02	0.71	1.5e-05
3_166794068_G_A	2.700e-02	0.71	1.5e-05
8_99066389_T_A	-5.700e-02	0.06	1.5e-05
14_35626997_T_C	3.200e-02	0.17	1.5e-05
19_1948701_G_A	5.000e-02	0.08	1.5e-05
7_41784860_G_A	-2.400e-02	0.60	1.6e-05
8_3591087_G_A	-2.700e-02	0.34	1.6e-05
13_88003455_A_G	2.700e-02	0.71	1.6e-05
3_166782814_A_C	2.700e-02	0.71	1.7e-05
8_68885634_G_T	2.800e-02	0.26	1.7e-05
13_87906240_C_A	2.700e-02	0.67	1.7e-05
19_1960031_C_A	4.900e-02	0.08	1.7e-05
2_143268255_A_G	-3.200e-02	0.19	1.9e-05
4_124322594_G_A	3.900e-02	0.12	1.9e-05
5_89005564_A_G	3.700e-02	0.87	1.9e-05
5_174999105_C_G	6.000e-02	0.09	1.9e-05
8_3589911_C_G	-2.700e-02	0.33	1.9e-05
8_3590321_G_A	-2.700e-02	0.35	1.9e-05
14_35369586_T_A	3.000e-02	0.20	1.9e-05
14_35369603_G_A	3.000e-02	0.20	1.9e-05
2_143269225_A_T	-3.300e-02	0.18	2e-05
4_124313071_A_G	3.900e-02	0.13	2e-05
8_68883454_G_A	2.700e-02	0.25	2e-05
8_78269388_G_T	-3.400e-02	0.13	2e-05
13_87924931_T_A	-2.900e-02	0.48	2e-05
14_35544330_A_G	3.200e-02	0.16	2e-05
3_126990303_C_T	3.000e-02	0.81	2.1e-05
3_126990806_T_C	3.000e-02	0.81	2.1e-05
7_41777241_C_G	-2.400e-02	0.60	2.1e-05
8_3592750_G_T	-2.700e-02	0.33	2.1e-05
8_68885841_G_T	2.700e-02	0.25	2.1e-05
14_35831811_T_C	2.700e-02	0.28	2.1e-05
3_126987622_C_T	3.000e-02	0.81	2.2e-05
6_17635050_G_A	2.500e-02	0.40	2.2e-05
8_68882653_T_C	2.700e-02	0.25	2.2e-05
8_68891890_A_G	2.700e-02	0.26	2.2e-05
8_68893756_T_C	2.700e-02	0.26	2.2e-05
8_68893834_C_T	2.700e-02	0.26	2.2e-05
8_68895248_A_C	2.700e-02	0.26	2.2e-05
12_13628681_C_T	3.900e-02	0.10	2.2e-05
14_35501800_A_G	3.300e-02	0.16	2.2e-05
3_166796420_G_C	2.700e-02	0.69	2.3e-05
5_90308388_C_T	-4.400e-02	0.09	2.3e-05
4_64001013_C_A	-2.400e-02	0.61	2.4e-05
13_87966047_C_A	2.500e-02	0.67	2.5e-05
4_63999029_A_G	-2.400e-02	0.61	2.6e-05
4_64076924_T_C	-2.400e-02	0.62	2.6e-05
13_87983508_C_A	2.500e-02	0.66	2.6e-05
13_87983672_G_A	2.500e-02	0.67	2.6e-05
13_88010223_G_A	2.700e-02	0.71	2.6e-05
14_35512995_A_G	3.200e-02	0.16	2.6e-05
11_93315763_T_A	-1.200e-01	0.99	2.7e-05
13_87958785_G_A	-2.500e-02	0.33	2.7e-05
13_87968000_G_A	2.500e-02	0.67	2.7e-05
14_35498059_C_T	3.200e-02	0.16	2.7e-05
5_54051157_G_A	-6.200e-02	0.05	2.8e-05
3_11089345_T_C	4.300e-02	0.10	2.9e-05
19_1943449_T_A	5.300e-02	0.08	2.9e-05
7_96366342_C_T	2.400e-02	0.51	3e-05
13_87893390_G_T	2.800e-02	0.74	3e-05
14_35761675_C_G,T	3.200e-02	0.17	3e-05
14_35831836_G_T	3.200e-02	0.17	3e-05
2_143420408_C_T	-3.300e-02	0.18	3.1e-05
3_126996158_T_C	2.900e-02	0.81	3.1e-05
3_166760899_A_C	3.300e-02	0.82	3.1e-05
6_17567325_G_A	2.400e-02	0.37	3.1e-05
13_87977036_G_A	-2.500e-02	0.33	3.1e-05
14_35537115_A_T	3.200e-02	0.17	3.1e-05
14_35690978_C_G	3.200e-02	0.16	3.1e-05
8_3600743_T_C	-2.400e-02	0.53	3.2e-05
14_30475398_A_C	4.400e-02	0.08	3.2e-05
14_35704667_C_T	3.200e-02	0.16	3.2e-05
14_35470019_T_C	3.000e-02	0.19	3.3e-05
14_35480388_A_G	3.000e-02	0.19	3.3e-05
14_35480569_T_G	3.000e-02	0.19	3.3e-05
14_35514957_G_A	3.100e-02	0.17	3.3e-05
17_64149865_C_T	-2.900e-02	0.21	3.3e-05
4_63999993_T_A	-2.400e-02	0.61	3.4e-05
13_87943460_G_A	2.500e-02	0.67	3.4e-05
2_180748077_T_C	3.500e-02	0.12	3.5e-05
6_17558317_A_T	2.400e-02	0.38	3.5e-05
10_2793144_C_T	-1.300e-01	0.98	3.5e-05
14_35459481_A_T	3.000e-02	0.19	3.5e-05
15_27977187_T_C	-4.100e-02	0.12	3.5e-05
3_166726765_A_G	-2.900e-02	0.23	3.6e-05
3_166748355_G_A	2.800e-02	0.77	3.6e-05
8_3589776_C_A	-2.600e-02	0.33	3.6e-05
14_35465784_T_A	3.000e-02	0.19	3.6e-05
14_35832206_A_G	3.200e-02	0.17	3.6e-05
14_35832837_T_C	3.200e-02	0.16	3.6e-05
21_23182789_T_C	-3.600e-02	0.13	3.6e-05
3_166786467_A_G	3.000e-02	0.77	3.7e-05
4_124297087_C_A	5.000e-02	0.08	3.7e-05
7_118277204_T_C	4.500e-02	0.07	3.7e-05
8_68906567_C_G	2.700e-02	0.26	3.7e-05
11_7894680_A_G	4.700e-02	0.06	3.7e-05
3_166749553_C_G	2.800e-02	0.77	3.8e-05
9_138314158_T_C	3.100e-02	0.19	3.8e-05
11_132387460_T_C	2.400e-02	0.52	3.8e-05
2_45145969_G_A	-3.500e-02	0.22	3.9e-05
3_166750007_C_T	2.800e-02	0.77	3.9e-05
3_166760641_G_A	2.800e-02	0.77	3.9e-05
9_138314146_C_T	3.100e-02	0.19	3.9e-05
13_87930419_C_G	2.700e-02	0.73	3.9e-05
14_35703839_T_C	3.100e-02	0.16	3.9e-05
3_166747878_G_T	2.700e-02	0.71	4e-05
3_166749520_T_C	2.800e-02	0.77	4e-05
9_138314122_G_C	3.000e-02	0.19	4e-05
18_56826834_A_G	-8.100e-02	0.04	4e-05
2_180746041_G_A	3.500e-02	0.12	4.1e-05
3_166761357_C_A	2.800e-02	0.77	4.1e-05
4_64027728_T_C	-3.200e-02	0.85	4.1e-05
9_138314255_A_G	3.000e-02	0.19	4.1e-05
14_35381137_G_A	3.200e-02	0.20	4.1e-05
1_236721660_T_C	2.700e-02	0.73	4.2e-05
1_236732054_A_G	2.700e-02	0.73	4.2e-05
3_176082414_C_T	7.600e-02	0.04	4.2e-05
7_41735034_C_T	-2.700e-02	0.79	4.2e-05
11_96853098_T_C	2.700e-02	0.35	4.2e-05
2_180752737_C_G	3.400e-02	0.12	4.3e-05
9_138314100_G_A	3.000e-02	0.19	4.3e-05
10_3275662_G_C	-2.400e-02	0.54	4.3e-05
1_236767072_A_G	2.600e-02	0.69	4.4e-05
13_87931373_G_A	2.600e-02	0.73	4.4e-05
1_236763572_T_G	2.600e-02	0.69	4.5e-05
2_180749348_A_G	3.400e-02	0.12	4.5e-05
3_2589322_A_C	3.500e-02	0.73	4.5e-05
9_138312679_C_T	2.900e-02	0.21	4.5e-05
9_138314027_A_G	3.000e-02	0.19	4.5e-05
21_23219469_T_C	-3.500e-02	0.13	4.5e-05
16_90123493_G_A	4.600e-02	0.07	4.6e-05
1_14340280_G_C	2.500e-02	0.71	4.7e-05
1_236694490_C_T	-2.700e-02	0.26	4.7e-05
8_3599536_G_T	2.400e-02	0.48	4.7e-05
10_3280126_A_G	-2.700e-02	0.54	4.7e-05
5_94396037_T_C	2.900e-02	0.78	4.8e-05
10_54116123_A_G	1.000e-01	0.02	4.8e-05
11_7891693_A_C	4.600e-02	0.06	4.8e-05
3_127020325_T_A	2.800e-02	0.80	4.9e-05
3_166788507_A_C	2.800e-02	0.78	4.9e-05
1_14345544_G_A	2.300e-02	0.51	5e-05
3_127021422_C_T	2.800e-02	0.80	5e-05
7_30179054_A_G	-3.600e-02	0.80	5e-05
9_74779023_G_A	-3.300e-02	0.15	5.1e-05
9_138312021_A_T	2.900e-02	0.21	5.1e-05
13_88007555_C_T	2.600e-02	0.71	5.1e-05
5_73670471_T_G	2.300e-02	0.45	5.2e-05
5_84261780_C_T	2.900e-02	0.74	5.3e-05
5_84301433_A_G	2.500e-02	0.74	5.3e-05
20_61599474_C_T	2.900e-02	0.54	5.3e-05
1_14351800_C_T	2.300e-02	0.51	5.4e-05
3_127001159_T_C	2.800e-02	0.81	5.4e-05
3_127025820_C_A	2.800e-02	0.80	5.4e-05
9_138312302_A_G	2.900e-02	0.21	5.4e-05
9_138312393_A_G	2.900e-02	0.21	5.4e-05
10_3274756_T_C	-2.600e-02	0.54	5.4e-05
10_3278120_G_A	-2.600e-02	0.54	5.4e-05
14_30494418_T_C	4.300e-02	0.08	5.4e-05
1_14347674_C_G	2.300e-02	0.51	5.5e-05
1_236767330_A_G	2.500e-02	0.68	5.5e-05
3_127024329_A_G	2.800e-02	0.80	5.5e-05
3_127024461_C_A	2.800e-02	0.80	5.5e-05
3_166767872_G_A	2.800e-02	0.78	5.5e-05
9_138310930_A_G	2.800e-02	0.21	5.5e-05
1_14320350_G_A	-3.200e-02	0.14	5.6e-05
1_14345710_A_C	2.300e-02	0.51	5.6e-05
1_14351122_A_C	2.300e-02	0.51	5.6e-05
1_236706780_C_T	2.600e-02	0.73	5.6e-05
10_3275130_A_C	-2.600e-02	0.54	5.6e-05
10_3277391_C_T	-2.600e-02	0.55	5.6e-05
1_236711810_A_G	2.600e-02	0.73	5.7e-05
20_61600777_G_A	2.900e-02	0.54	5.7e-05
10_2793120_C_T	-1.300e-01	0.98	5.8e-05
10_3279574_C_T	-2.600e-02	0.54	5.8e-05
1_236759964_G_T	2.600e-02	0.73	5.9e-05
1_240351241_G_A	4.700e-02	0.06	5.9e-05
11_35642430_G_A	-2.800e-02	0.20	5.9e-05
6_102123924_A_G	3.700e-02	0.09	6e-05
10_2800659_T_C	1.300e-01	0.01	6.1e-05
1_108303172_G_C	-2.400e-02	0.62	6.2e-05
9_138310423_G_A	2.800e-02	0.20	6.2e-05
10_3273550_G_A	-2.600e-02	0.54	6.2e-05
1_14353071_T_G	2.400e-02	0.62	6.3e-05
1_236706862_G_C	2.600e-02	0.73	6.3e-05
5_84292549_A_G	2.600e-02	0.74	6.3e-05
10_2802779_C_G	-1.300e-01	0.98	6.3e-05
10_3272517_T_C	-2.600e-02	0.54	6.3e-05
10_3281354_A_G	-2.500e-02	0.37	6.3e-05
1_14331940_G_A	2.200e-02	0.51	6.4e-05
1_14344055_G_A	2.200e-02	0.51	6.4e-05
8_78124489_T_G	-3.400e-02	0.11	6.4e-05
14_52297721_C_T	8.300e-02	0.04	6.4e-05
1_14350082_T_C	2.200e-02	0.51	6.5e-05
3_166684605_T_G	-2.800e-02	0.20	6.5e-05
1_14301942_C_T	-3.200e-02	0.14	6.7e-05
3_185829891_T_A	2.600e-02	0.75	6.7e-05
1_14341315_T_A	2.200e-02	0.51	6.8e-05
4_189502823_A_C	9.000e-02	0.03	6.8e-05
10_125320905_C_T	3.100e-02	0.27	6.8e-05
2_183582170_A_G	-5.700e-02	0.08	6.9e-05
3_48819668_A_C	2.700e-02	0.66	6.9e-05
3_48833348_G_T	2.700e-02	0.61	6.9e-05
8_99388608_T_C	5.100e-02	0.90	7e-05
10_125326867_G_A	3.200e-02	0.27	7e-05
12_113522774_T_C	2.600e-02	0.34	7e-05
14_30507533_G_A	4.200e-02	0.08	7e-05
1_177343281_G_A	-5.500e-02	0.07	7.1e-05
3_185833759_C_A	2.600e-02	0.75	7.1e-05
9_74763415_C_T	-3.600e-02	0.15	7.1e-05
14_30489157_A_G	4.200e-02	0.08	7.1e-05
14_30489829_G_A	2.400e-02	0.40	7.1e-05
1_14308709_G_A	2.300e-02	0.41	7.2e-05
3_166676839_A_G	-2.800e-02	0.20	7.2e-05
5_148881158_A_G	-4.000e-02	0.09	7.2e-05
9_74763426_A_G	-3.600e-02	0.15	7.2e-05
14_35447795_T_C	2.900e-02	0.19	7.2e-05
17_51450859_T_A	-9.400e-02	0.03	7.2e-05
5_73668435_C_G	2.300e-02	0.45	7.3e-05
8_3599572_A_G	-2.300e-02	0.51	7.3e-05
6_17627590_T_C	2.200e-02	0.53	7.4e-05
6_17664250_T_A	2.200e-02	0.53	7.4e-05
6_17665357_A_G	2.200e-02	0.53	7.4e-05
3_127037677_A_C	2.800e-02	0.80	7.5e-05
5_73670285_C_A	2.200e-02	0.45	7.5e-05
6_17670439_C_T	2.200e-02	0.53	7.5e-05
16_66396875_A_G	2.700e-02	0.38	7.5e-05
2_45170515_A_G	-2.700e-02	0.26	7.6e-05
6_17671189_G_A	2.200e-02	0.53	7.6e-05
3_166699547_C_T	-2.800e-02	0.21	7.7e-05
4_124319144_C_T	4.200e-02	0.12	7.7e-05
5_84286022_G_A	2.400e-02	0.74	7.7e-05
6_17614952_A_C	2.200e-02	0.53	7.7e-05
6_17676470_A_G	2.200e-02	0.52	7.7e-05
3_127041422_A_C	2.700e-02	0.80	7.8e-05
3_166687065_C_A	-2.800e-02	0.20	7.8e-05
7_26634825_G_A	2.300e-02	0.48	7.8e-05
14_35353218_T_C	-2.700e-02	0.79	7.8e-05
3_2589560_G_C	3.200e-02	0.73	7.9e-05
5_9454208_C_A	3.100e-02	0.75	7.9e-05
1_121311799_G_A	-2.300e-02	0.63	8e-05
7_50087970_C_T	-3.000e-02	0.14	8e-05
8_24366894_G_T	2.700e-02	0.65	8e-05
3_127045739_T_C	2.700e-02	0.80	8.1e-05
7_26636111_G_A	-2.400e-02	0.38	8.1e-05
1_14340228_G_T	2.200e-02	0.51	8.2e-05
5_73671233_G_A	2.200e-02	0.44	8.2e-05
14_35452132_G_A	2.900e-02	0.19	8.2e-05
2_150619995_C_T	-2.300e-02	0.31	8.3e-05
3_166681458_T_G	-2.800e-02	0.20	8.3e-05
5_84303959_T_C	2.400e-02	0.74	8.3e-05
5_94399644_A_G	3.500e-02	0.87	8.3e-05
11_7879794_T_C	4.400e-02	0.06	8.3e-05
20_6114771_T_G	2.700e-02	0.29	8.3e-05
3_166680461_C_G	-2.800e-02	0.20	8.4e-05
2_4194056_T_C	-3.000e-02	0.15	8.5e-05
3_127014268_G_C	2.800e-02	0.81	8.5e-05
5_84297308_A_G	2.400e-02	0.74	8.5e-05
5_84305316_A_C	2.400e-02	0.74	8.5e-05
5_84315142_T_C	2.400e-02	0.74	8.5e-05
6_17682722_A_G	2.200e-02	0.53	8.5e-05
5_84296946_T_C	2.400e-02	0.74	8.6e-05
5_84294923_G_C	2.400e-02	0.74	8.7e-05
5_84314364_G_C	2.400e-02	0.73	8.7e-05
9_130681896_C_A	-3.200e-02	0.75	8.7e-05
4_141294756_C_G	5.800e-02	0.04	8.8e-05
4_141295735_C_G	5.800e-02	0.04	8.8e-05
5_84289682_C_T	2.400e-02	0.73	8.8e-05
5_84290172_G_A	2.400e-02	0.74	8.8e-05
5_84312593_G_A	2.400e-02	0.74	8.8e-05
5_84313108_T_A	2.400e-02	0.74	8.8e-05
8_3618749_A_G	2.600e-02	0.41	8.8e-05
2_45132500_A_T	-2.900e-02	0.20	8.9e-05
3_65212596_C_T	2.700e-02	0.65	8.9e-05
5_84290020_A_G	2.400e-02	0.73	8.9e-05
5_84293990_C_G	2.400e-02	0.74	8.9e-05
5_84307948_G_A	2.400e-02	0.74	8.9e-05
3_48773108_G_C	2.800e-02	0.78	9e-05
5_84289047_A_G	2.400e-02	0.74	9e-05
5_84305783_T_C	2.400e-02	0.74	9e-05
5_84306341_G_A	2.400e-02	0.74	9e-05
20_6114786_C_G	2.700e-02	0.29	9e-05
5_84288785_G_T	2.400e-02	0.74	9.1e-05
5_84292164_A_G	2.400e-02	0.74	9.1e-05
5_84304942_C_A	2.400e-02	0.74	9.1e-05
10_132690963_A_G	-2.700e-02	0.76	9.1e-05
12_114693131_A_G	2.800e-02	0.66	9.1e-05
14_35342238_T_C	-2.600e-02	0.78	9.1e-05
5_84285841_A_G	2.400e-02	0.74	9.2e-05
5_84286060_G_T	2.400e-02	0.74	9.2e-05
5_84291678_T_C	2.400e-02	0.74	9.2e-05
5_84305938_C_A	2.400e-02	0.74	9.2e-05
6_17644445_T_G	2.200e-02	0.53	9.2e-05
8_99072161_G_A	-4.200e-02	0.09	9.2e-05
12_39388748_A_C	-2.300e-02	0.35	9.2e-05
2_150619940_C_T	-2.300e-02	0.31	9.3e-05
4_141298346_G_A	5.800e-02	0.04	9.3e-05
5_84288776_T_A	2.400e-02	0.74	9.3e-05
3_128490273_C_T	-3.000e-02	0.19	9.4e-05
5_84283969_T_C	2.400e-02	0.72	9.4e-05
5_84284822_A_T	2.400e-02	0.73	9.4e-05
5_84287601_G_A	2.400e-02	0.74	9.4e-05
5_84288337_G_A	2.400e-02	0.74	9.4e-05
6_163704008_A_G	-2.500e-02	0.26	9.4e-05
12_10292859_A_G	4.100e-02	0.09	9.4e-05
2_31346493_A_C	-2.400e-02	0.41	9.5e-05
2_150613695_C_T	-2.300e-02	0.31	9.5e-05
3_127002974_A_G	2.700e-02	0.81	9.5e-05
4_141314722_A_G	5.500e-02	0.04	9.5e-05
5_84281348_T_G	2.400e-02	0.74	9.5e-05
5_84281531_A_G	2.400e-02	0.74	9.5e-05
5_84281846_C_T	2.400e-02	0.74	9.5e-05
5_84281968_G_T	2.400e-02	0.74	9.5e-05
5_84282316_G_A	2.400e-02	0.74	9.5e-05
5_84282543_A_G	2.400e-02	0.74	9.5e-05
5_84284869_C_T	2.400e-02	0.74	9.5e-05
5_84286997_T_A	2.400e-02	0.74	9.5e-05
5_84287291_A_G	2.400e-02	0.74	9.5e-05
5_84288058_T_C	2.400e-02	0.73	9.5e-05
2_150613998_C_T	-2.300e-02	0.31	9.6e-05
5_84282715_A_G	2.400e-02	0.74	9.6e-05
5_84288034_C_T	2.400e-02	0.74	9.6e-05
7_41815009_G_T	-2.300e-02	0.36	9.6e-05
10_565831_C_A	-3.900e-02	0.09	9.6e-05
10_588126_C_T	-3.900e-02	0.10	9.6e-05
10_595877_G_A	-3.900e-02	0.09	9.6e-05
2_150613638_A_G	-2.300e-02	0.31	9.7e-05
2_150619151_C_T	-2.300e-02	0.31	9.7e-05
14_35342838_A_C	-2.600e-02	0.79	9.7e-05
1_236772611_G_A	-5.500e-02	0.07	9.8e-05
2_31346325_A_G	-2.400e-02	0.39	9.8e-05
3_176067530_A_G	7.200e-02	0.04	9.8e-05
5_84287116_G_A	2.400e-02	0.74	9.8e-05
6_17624060_C_A	3.600e-02	0.89	9.8e-05
10_132691725_G_A	-2.600e-02	0.76	9.8e-05
1_14340185_C_A	-3.100e-02	0.14	9.9e-05
1_107837591_A_G	3.400e-02	0.20	9.9e-05
2_150612724_A_G	-2.300e-02	0.31	1e-04
4_141298609_C_A	5.700e-02	0.04	1e-04
4_141299298_G_T	5.700e-02	0.04	1e-04
5_19426202_T_C	2.300e-02	0.60	1e-04
5_84275580_T_C	2.400e-02	0.74	1e-04
5_84279719_T_C	2.400e-02	0.74	1e-04
5_84279846_A_T	2.400e-02	0.74	1e-04
5_84280083_A_G	2.400e-02	0.73	1e-04
5_84281186_C_T	2.400e-02	0.74	1e-04
6_17601853_T_C	2.200e-02	0.52	1e-04
6_17657033_C_G	3.500e-02	0.89	1e-04
10_583548_G_A	-3.900e-02	0.08	1e-04
10_2792892_G_A	-1.200e-01	0.98	1e-04
10_132692372_G_A	-2.600e-02	0.76	1e-04
