10_114758349_C_T	3.285e-01	0.31	1.2e-139
10_114756041_A_T	2.973e-01	0.33	6.54e-126
10_114754088_T_C	2.956e-01	0.32	2.65e-124
10_114767771_G_A	2.935e-01	0.33	1.14e-123
10_114808902_G_T	2.865e-01	0.28	2.92e-112
10_114752503_T_C	3.036e-01	0.25	8.86e-102
10_114785424_G_A	3.058e-01	0.32	2.88e-80
10_114765747_C_A	2.829e-01	0.33	5.04e-71
10_114799172_A_G	2.903e-01	0.28	1.79e-69
10_114773608_A_G	3.044e-01	0.24	5.77e-68
10_114781950_G_C	3.033e-01	0.24	1.61e-67
10_114750500_A_G	2.989e-01	0.25	2.59e-67
10_114782790_G_T	3.026e-01	0.24	3.32e-67
10_114749734_G_A	2.985e-01	0.25	4.5e-67
10_114773926_C_T	2.705e-01	0.33	2.7e-66
10_114758779_G_T	3.000e-01	0.25	6.59e-64
10_114789077_T_C	1.863e-01	0.46	1.27e-58
10_114781297_A_C	1.848e-01	0.48	1.5e-58
10_114817009_A_C	2.731e-01	0.29	2.43e-58
10_114788436_C_T	2.932e-01	0.21	5.3e-58
10_114761697_A_C	1.898e-01	0.47	8.74e-57
10_114748617_G_A	1.891e-01	0.47	1.02e-56
10_114768609_A_G	1.887e-01	0.47	1.35e-56
10_114811316_T_C	1.810e-01	0.47	4.5e-56
10_114762237_G_A	1.882e-01	0.47	1.03e-55
10_114796048_A_G	1.872e-01	0.46	1.1e-55
10_114806697_G_A	2.823e-01	0.21	2.75e-55
10_114801488_A_T	2.893e-01	0.21	1.34e-54
10_114787012_T_C	1.834e-01	0.48	1.07e-53
10_114777724_A_G	1.835e-01	0.48	1.2e-53
10_114777670_C_T	1.829e-01	0.47	2.27e-53
10_114798893_T_A	2.525e-01	0.28	3.64e-53
10_114810240_T_C	1.797e-01	0.47	1.81e-51
10_114808072_T_C	1.779e-01	0.47	2.73e-51
10_114813047_C_T	1.790e-01	0.47	4.24e-51
10_114812071_T_C	1.778e-01	0.47	6.68e-51
10_114773927_A_G	1.850e-01	0.48	1.57e-49
10_114807047_G_C	1.685e-01	0.47	3.24e-48
10_114736614_T_C	2.063e-01	0.31	5.66e-48
10_114801938_C_G	1.729e-01	0.47	4.4e-47
10_114818754_G_A	2.386e-01	0.25	9.09e-45
6_20679709_A_G	1.548e-01	0.27	6.95e-35
6_20686996_C_A	1.548e-01	0.27	7.04e-34
10_114762064_G_T	1.737e-01	0.47	1.65e-32
6_20703952_A_G	1.635e-01	0.26	5.65e-32
10_114793451_G_A	1.721e-01	0.46	6.9e-32
10_114748497_C_T	1.723e-01	0.47	7.4e-32
10_114813041_C_T	1.691e-01	0.47	7.21e-31
10_114781698_T_C	1.683e-01	0.48	1.09e-30
10_114787090_A_G	1.684e-01	0.48	1.1e-30
10_114732906_A_C	1.322e-01	0.45	1.91e-30
10_114781400_C_A	1.667e-01	0.48	4.12e-30
10_114782803_T_C	1.668e-01	0.47	4.67e-30
6_20683164_G_A	1.400e-01	0.32	1.47e-28
6_20685486_T_C	1.400e-01	0.32	2.15e-28
10_114780633_A_C	1.626e-01	0.48	6.49e-28
10_114732882_T_C	1.238e-01	0.46	2.67e-27
6_20679310_T_G	1.392e-01	0.32	3.42e-27
9_22134094_T_C	-1.694e-01	0.16	3.72e-27
9_22132076_A_G	-1.638e-01	0.17	6.73e-26
6_20717255_T_C	1.534e-01	0.17	6.91e-26
9_22133284_G_A	-1.716e-01	0.16	1.81e-25
10_114821527_A_G	2.302e-01	0.15	2.11e-25
6_20659806_T_C	1.267e-01	0.32	2.31e-25
6_20663632_T_G	1.267e-01	0.32	2.32e-25
6_20717404_A_G	1.517e-01	0.17	2.66e-25
6_20661034_A_C	1.258e-01	0.32	2.8e-25
6_20667382_T_C	1.306e-01	0.32	3.55e-25
6_20713706_A_G	1.517e-01	0.17	3.74e-25
6_20661250_G_C	1.261e-01	0.32	3.99e-25
6_20666055_G_A	1.295e-01	0.32	5.28e-25
6_20725240_T_C	1.507e-01	0.17	7.09e-25
6_20665549_G_A	1.288e-01	0.32	7.28e-25
6_20652717_C_G	1.286e-01	0.32	8.06e-25
6_20661550_T_C	1.288e-01	0.32	8.97e-25
6_20719561_G_A	1.547e-01	0.17	1.21e-24
10_114747277_G_A	1.535e-01	0.39	1.28e-24
6_20663035_T_A	1.292e-01	0.32	1.48e-24
6_20661529_G_T	1.282e-01	0.32	1.53e-24
6_20666022_G_A	1.292e-01	0.31	1.68e-24
6_20657564_A_G	1.275e-01	0.32	1.81e-24
6_20662966_C_T	1.278e-01	0.32	2.13e-24
6_20656800_C_G	1.288e-01	0.32	2.21e-24
10_114746580_C_G	1.491e-01	0.48	2.74e-24
6_20719145_A_G	1.535e-01	0.17	4.27e-24
6_20705590_T_G	1.522e-01	0.17	1.08e-23
6_20716958_G_A	1.507e-01	0.17	1.92e-23
3_185511687_G_T	1.232e-01	0.29	2.39e-23
16_53819169_T_C	1.209e-01	0.42	2.61e-23
6_20717095_A_G	1.498e-01	0.17	2.86e-23
3_185513392_A_G	1.221e-01	0.29	3.41e-23
16_53818460_G_T	1.205e-01	0.42	3.47e-23
16_53801549_C_T	1.204e-01	0.45	3.97e-23
16_53816838_G_A	1.189e-01	0.42	4.7e-23
16_53822651_A_G	1.192e-01	0.42	5.39e-23
16_53819877_C_T	1.190e-01	0.42	5.99e-23
6_20694884_C_T	1.515e-01	0.17	6.64e-23
16_53813367_T_G	1.184e-01	0.42	7.17e-23
16_53805207_C_A	1.186e-01	0.45	7.57e-23
16_53821862_C_T	1.178e-01	0.43	7.93e-23
16_53828066_C_T	1.187e-01	0.42	8.13e-23
16_53819198_G_C	1.187e-01	0.42	9.06e-23
16_53819893_A_G	1.184e-01	0.42	9.39e-23
16_53816752_A_G	1.181e-01	0.42	9.74e-23
16_53799905_A_G	1.178e-01	0.45	1.01e-22
16_53810686_T_C	1.149e-01	0.42	1.02e-22
16_53799507_G_A	1.179e-01	0.45	1.11e-22
16_53801985_C_T	1.175e-01	0.45	1.19e-22
10_114742835_G_A	1.213e-01	0.62	2.24e-22
3_185497635_A_C	1.200e-01	0.29	2.32e-22
16_53799977_T_G	1.207e-01	0.45	2.39e-22
3_185514931_T_C	1.230e-01	0.29	3.22e-22
3_185513296_T_A	1.239e-01	0.29	3.67e-22
3_185516520_G_A	1.226e-01	0.29	3.71e-22
3_185520578_A_G	1.227e-01	0.29	3.94e-22
16_53800568_G_A	1.122e-01	0.45	4.63e-22
16_53800754_G_A	1.126e-01	0.45	4.66e-22
16_53816275_C_A	1.125e-01	0.42	4.9e-22
3_185510613_T_G	1.223e-01	0.29	5.34e-22
16_53800954_T_C	1.121e-01	0.44	5.42e-22
16_53842908_G_A	1.158e-01	0.43	7.22e-22
3_185505787_C_T	1.213e-01	0.29	8.39e-22
16_53820527_T_A	1.130e-01	0.42	9.18e-22
16_53809247_G_A	1.113e-01	0.45	1.06e-21
8_118185025_G_A	-1.276e-01	0.29	1.26e-21
10_114821249_T_C	1.098e-01	0.46	1.41e-21
6_20660365_T_C	1.129e-01	0.36	1.75e-21
3_185530290_T_C	1.204e-01	0.29	1.96e-21
6_20658012_A_C	1.163e-01	0.36	2.36e-21
16_53831771_G_T	1.132e-01	0.45	2.76e-21
6_20659459_G_A	1.181e-01	0.37	2.79e-21
16_53815161_T_G	1.119e-01	0.53	3.67e-21
16_53803574_T_A	1.145e-01	0.44	4.42e-21
16_53830465_A_G	1.091e-01	0.45	5.83e-21
3_185534482_G_A	1.193e-01	0.29	6.74e-21
8_118185733_A_G	-1.228e-01	0.29	1.06e-20
9_22136489_A_T	-1.722e-01	0.14	1.98e-20
9_22129579_C_T	-1.729e-01	0.13	3.81e-20
16_53825488_C_T	1.107e-01	0.43	6.01e-20
16_53831146_C_T	1.150e-01	0.44	7.36e-20
3_185510884_A_C	1.154e-01	0.26	8.39e-20
3_185522447_G_A	1.155e-01	0.26	9.52e-20
16_53845487_C_A	1.113e-01	0.42	1.07e-19
16_53820503_G_A	1.226e-01	0.42	1.32e-19
6_20661143_T_A	1.137e-01	0.32	1.43e-19
10_114821554_C_T	1.075e-01	0.46	1.84e-19
10_94462882_C_T	-1.047e-01	0.45	1.98e-19
10_114764959_C_G	2.252e-01	0.06	2.38e-19
6_20659587_T_A	1.138e-01	0.32	2.77e-19
3_185499057_C_G	1.118e-01	0.27	5.19e-19
16_53800629_C_G	1.073e-01	0.45	5.99e-19
10_94466495_G_C	-1.109e-01	0.45	6.46e-19
16_53807764_A_G	1.025e-01	0.53	6.6e-19
16_53798523_G_A	1.071e-01	0.54	7.2e-19
16_53803156_G_A	1.055e-01	0.54	7.53e-19
10_94482076_C_T	-1.043e-01	0.39	1.19e-18
16_53839135_T_C	1.068e-01	0.54	1.26e-18
6_20716253_G_A	1.225e-01	0.22	1.8e-18
10_94481917_G_A	-1.069e-01	0.39	2.37e-18
16_53804965_T_C	1.098e-01	0.54	2.46e-18
6_20719232_T_A	1.294e-01	0.17	1.01e-17
3_185506003_T_C	1.161e-01	0.24	1.22e-17
16_53804340_C_T	1.064e-01	0.54	1.49e-17
10_94464307_G_T	-1.015e-01	0.47	1.87e-17
10_114759445_G_A	2.193e-01	0.06	1.9e-17
3_185526690_T_A	1.049e-01	0.29	2.27e-17
16_53812614_G_A	9.794e-02	0.50	2.49e-17
7_28196413_G_A	-1.009e-01	0.52	3.06e-17
6_20675792_C_A	1.373e-01	0.27	5.14e-17
10_114821807_T_G	1.022e-01	0.46	6.27e-17
9_22134068_G_A	-1.691e-01	0.16	9.94e-17
3_185497293_C_T	1.070e-01	0.24	1.7e-16
6_20641336_C_T	1.374e-01	0.11	1.72e-16
3_185512361_G_A	1.148e-01	0.26	1.89e-16
16_53821413_T_C	1.217e-01	0.43	2.01e-16
7_28180556_T_C	-9.460e-02	0.54	2.28e-16
6_20720279_T_C	1.389e-01	0.12	2.35e-16
3_185520732_A_C	1.063e-01	0.23	2.84e-16
16_53818813_A_G	1.221e-01	0.43	2.84e-16
16_53824226_A_G	1.205e-01	0.45	2.99e-16
16_53799847_G_A	1.195e-01	0.45	3.28e-16
16_53818167_T_C	1.198e-01	0.43	3.48e-16
16_53799985_T_A	1.191e-01	0.45	4.85e-16
6_20725097_T_A	1.366e-01	0.12	4.89e-16
3_185529327_A_G	1.084e-01	0.24	5.7e-16
10_94436851_T_C	-9.312e-02	0.54	5.91e-16
3_185525199_A_G	1.083e-01	0.23	7.22e-16
7_28189411_T_C	-9.614e-02	0.54	7.66e-16
16_53820066_T_C	1.214e-01	0.42	7.84e-16
10_94477219_T_A	-9.652e-02	0.39	7.86e-16
7_28232457_A_G	-9.982e-02	0.67	8.39e-16
3_185490734_T_G	1.096e-01	0.24	9.76e-16
16_53822142_C_A	1.210e-01	0.42	9.84e-16
16_53827962_A_G	1.193e-01	0.42	1.04e-15
7_28185891_T_C	-9.566e-02	0.53	1.13e-15
6_20719393_A_C	1.379e-01	0.11	1.19e-15
10_94446041_G_A	9.505e-02	0.46	1.2e-15
16_53810546_C_A	1.186e-01	0.42	1.22e-15
16_53819367_G_A	1.188e-01	0.42	1.3e-15
16_53803223_G_A	1.180e-01	0.44	1.34e-15
16_53821297_T_C	1.189e-01	0.42	1.38e-15
8_118220270_T_C	-1.089e-01	0.28	1.48e-15
16_53815435_T_C	1.182e-01	0.42	1.5e-15
10_94485211_A_C	9.488e-02	0.51	1.55e-15
16_53821690_A_G	1.183e-01	0.42	1.67e-15
10_94460687_C_G	-9.440e-02	0.54	1.72e-15
16_53809123_C_T	1.173e-01	0.44	1.78e-15
16_53818724_G_A	1.183e-01	0.42	1.82e-15
16_53822183_C_T	1.181e-01	0.42	2e-15
16_53806453_A_G	1.172e-01	0.44	2.01e-15
4_6289986_T_G	9.386e-02	0.63	2.02e-15
16_53821615_A_G	1.182e-01	0.42	2.03e-15
3_185530322_G_A	1.045e-01	0.24	2.07e-15
16_53819937_A_T	1.177e-01	0.42	2.49e-15
16_53802494_C_T	1.169e-01	0.44	2.53e-15
16_53812433_T_C	1.172e-01	0.42	2.57e-15
3_185513079_C_T	1.269e-01	0.26	2.69e-15
16_53827479_A_G	1.175e-01	0.42	2.89e-15
16_53814363_G_T	1.247e-01	0.42	3.18e-15
4_6303022_C_T	9.706e-02	0.63	3.3e-15
3_185508591_T_C	1.242e-01	0.29	3.32e-15
3_185520342_T_C	1.225e-01	0.29	3.91e-15
10_94262359_T_A	-1.011e-01	0.38	4.57e-15
3_185508029_C_T	1.221e-01	0.29	4.79e-15
8_118185063_C_G	-9.700e-02	0.47	5.06e-15
10_94340705_C_G	-9.912e-02	0.38	5.08e-15
3_185505984_G_A	1.234e-01	0.29	5.22e-15
16_53821125_A_G	1.162e-01	0.42	5.51e-15
6_20773752_C_T	-9.408e-02	0.45	5.96e-15
10_94490174_T_C	9.614e-02	0.51	6.91e-15
3_185529174_T_A	1.225e-01	0.29	7.07e-15
6_20725423_G_C	1.070e-01	0.21	7.23e-15
10_114821949_C_T	1.137e-01	0.46	8.89e-15
8_118190393_A_G	-9.667e-02	0.47	9.57e-15
3_185488882_G_A	1.069e-01	0.22	9.74e-15
6_20655110_A_G	1.325e-01	0.12	1.05e-14
4_6294001_A_G	9.354e-02	0.63	1.13e-14
10_94394402_T_G	-9.599e-02	0.38	1.17e-14
4_6294544_A_G	9.335e-02	0.63	1.18e-14
4_6294630_A_G	9.337e-02	0.63	1.19e-14
4_6293967_G_A	9.352e-02	0.63	1.31e-14
10_94406237_A_T	-9.783e-02	0.38	1.31e-14
10_114745788_G_A	-1.327e-01	0.16	1.45e-14
4_6295217_T_C	9.309e-02	0.63	1.53e-14
4_6295565_C_T	9.281e-02	0.63	1.61e-14
4_6294305_C_T	9.299e-02	0.63	1.67e-14
4_6294759_G_A	9.298e-02	0.63	1.71e-14
9_22137685_T_G	1.237e-01	0.25	1.89e-14
4_6291003_C_G	8.992e-02	0.63	1.92e-14
6_20667688_C_T	1.344e-01	0.12	1.92e-14
6_20763171_G_A	9.145e-02	0.50	2.03e-14
6_20764599_C_T	9.109e-02	0.50	2.09e-14
10_94232247_T_C	-9.452e-02	0.38	2.22e-14
6_20774313_T_C	-9.280e-02	0.44	2.23e-14
2_227093585_A_C	9.162e-02	0.63	2.69e-14
7_28224053_A_G	-9.595e-02	0.66	2.69e-14
10_114818772_G_A	1.139e-01	0.40	2.79e-14
4_6295451_A_G	9.216e-02	0.63	2.8e-14
4_6295087_T_A	9.203e-02	0.62	2.89e-14
10_94214580_A_G	-9.445e-02	0.38	3e-14
6_20760612_C_T	9.092e-02	0.50	3.03e-14
16_53837342_A_G	1.122e-01	0.43	3.06e-14
6_20660731_T_C	1.198e-01	0.32	3.22e-14
6_20764250_C_T	9.051e-02	0.50	3.23e-14
16_53837144_G_T	1.119e-01	0.43	3.38e-14
16_53806280_C_G	8.711e-02	0.54	4.28e-14
10_94414567_A_T	-9.133e-02	0.59	4.29e-14
4_6306144_C_A	9.202e-02	0.62	4.45e-14
3_185536223_G_T	1.026e-01	0.23	4.49e-14
16_53831354_C_T	1.115e-01	0.43	4.51e-14
6_20764317_A_G	-9.086e-02	0.44	4.7e-14
4_6292020_A_C	9.007e-02	0.63	4.83e-14
6_20662592_G_A	1.161e-01	0.31	4.92e-14
3_185488303_C_A	1.223e-01	0.25	5.28e-14
4_6297646_A_C	9.135e-02	0.63	5.28e-14
6_20766697_C_A	-9.066e-02	0.44	5.54e-14
10_94202905_G_C	1.118e-01	0.61	5.87e-14
4_6294607_G_A	9.187e-02	0.63	5.98e-14
6_20751241_C_G	-9.014e-02	0.45	6.24e-14
10_94395393_T_C	-9.014e-02	0.59	6.36e-14
10_94209939_C_T	-9.385e-02	0.38	6.45e-14
3_123082398_T_C	-1.057e-01	0.18	6.47e-14
2_227099854_T_C	8.969e-02	0.62	7.01e-14
10_94367230_A_G	-9.005e-02	0.59	7.01e-14
3_123065778_A_G	-1.073e-01	0.18	7.19e-14
6_20752016_C_A	-9.011e-02	0.45	7.25e-14
4_6281961_C_T	9.532e-02	0.68	7.33e-14
16_53798622_G_T	1.213e-01	0.47	7.59e-14
6_20725007_T_A	1.062e-01	0.21	8.39e-14
6_20749677_G_A	-9.005e-02	0.45	8.8e-14
16_53818708_G_T	9.028e-02	0.56	9.25e-14
8_118191475_C_T	-1.177e-01	0.29	9.54e-14
6_20657865_A_G	1.146e-01	0.32	9.79e-14
10_94387676_T_A	-8.964e-02	0.59	1.02e-13
6_20751315_T_C	-8.969e-02	0.45	1.03e-13
4_6293350_T_C	8.820e-02	0.63	1.05e-13
2_227128917_C_A	9.551e-02	0.62	1.08e-13
2_227099534_A_G	8.888e-02	0.62	1.27e-13
2_227101411_A_G	8.875e-02	0.63	1.42e-13
4_6292799_A_C	9.246e-02	0.63	1.53e-13
6_20649254_A_T	1.325e-01	0.11	1.54e-13
10_94277866_C_A	-9.009e-02	0.38	1.56e-13
10_94345909_G_A	-8.928e-02	0.60	1.62e-13
7_28256240_G_A	-8.975e-02	0.65	1.64e-13
6_20758760_A_G	-8.577e-02	0.45	1.93e-13
2_227128899_G_A	8.773e-02	0.63	2.16e-13
2_227125416_T_A	9.017e-02	0.63	2.53e-13
3_185510006_G_A	1.213e-01	0.29	2.71e-13
4_6292915_A_G	8.936e-02	0.63	2.76e-13
10_94395748_A_C	-8.869e-02	0.59	2.83e-13
2_227121918_A_G	8.688e-02	0.62	2.88e-13
6_20665081_G_A	1.338e-01	0.11	3.08e-13
2_227159867_G_A	8.761e-02	0.63	3.29e-13
3_123070517_C_T	-1.080e-01	0.18	3.49e-13
10_94492716_C_T	8.859e-02	0.49	3.72e-13
4_6303955_G_A	8.466e-02	0.61	3.91e-13
16_53816647_G_C	9.055e-02	0.65	4.28e-13
10_114782287_T_G	1.774e-01	0.07	4.69e-13
8_118184783_C_T	-1.154e-01	0.29	5.16e-13
11_92708710_C_G	9.640e-02	0.29	5.32e-13
6_20724558_T_G	1.320e-01	0.21	5.59e-13
10_114803307_A_T	1.819e-01	0.07	6.5e-13
10_94354204_T_G	-9.290e-02	0.38	7.43e-13
2_227103717_A_C	8.921e-02	0.63	7.6e-13
4_6293446_T_C	8.791e-02	0.63	8.13e-13
4_6295322_C_G	9.203e-02	0.63	8.15e-13
10_94374377_C_T	-8.761e-02	0.59	8.31e-13
2_227100698_G_T	8.845e-02	0.62	8.97e-13
3_123095312_G_A	-1.023e-01	0.20	9.08e-13
10_94382950_T_C	-8.517e-02	0.59	9.58e-13
2_227092802_A_G	8.838e-02	0.63	9.7e-13
2_227137125_T_C	8.813e-02	0.63	9.74e-13
3_12393125_C_G,A	-1.225e-01	0.12	1.05e-12
2_227099180_C_T	8.825e-02	0.62	1.15e-12
10_114766717_C_T	-1.201e-01	0.14	1.15e-12
3_12336507_G_A	-1.227e-01	0.12	1.18e-12
3_123093530_T_C	1.016e-01	0.80	1.18e-12
4_6287329_C_T	8.629e-02	0.62	1.18e-12
3_123096820_T_C	1.020e-01	0.80	1.19e-12
10_114822739_A_G	1.044e-01	0.46	1.19e-12
16_53803187_A_T	1.042e-01	0.45	1.2e-12
10_94409800_C_T	-8.407e-02	0.53	1.28e-12
4_6298375_C_T	8.557e-02	0.61	1.3e-12
4_6299387_G_A	8.582e-02	0.61	1.32e-12
4_6304242_T_C	8.964e-02	0.68	1.36e-12
2_227164504_C_G	8.722e-02	0.63	1.38e-12
2_227083411_A_G	8.981e-02	0.64	1.56e-12
16_53828752_A_G	9.000e-02	0.65	1.58e-12
2_227123086_C_T	8.446e-02	0.62	1.66e-12
16_53830452_A_G	1.116e-01	0.45	1.66e-12
9_22136440_G_C	1.851e-01	0.24	1.7e-12
2_227140486_A_G	8.689e-02	0.63	1.87e-12
10_94398118_A_G	-8.903e-02	0.59	1.87e-12
2_227141768_A_T	8.435e-02	0.63	1.93e-12
10_94414263_A_C	-8.329e-02	0.53	1.98e-12
2_227123584_A_G	8.518e-02	0.63	2.03e-12
2_227157209_A_G	8.671e-02	0.63	2.05e-12
4_6270056_G_A	8.778e-02	0.61	2.09e-12
2_227141248_A_G	8.681e-02	0.63	2.2e-12
3_12394840_C_T	-1.201e-01	0.12	2.38e-12
3_185506933_T_A	1.156e-01	0.24	2.46e-12
4_6304286_C_T	9.237e-02	0.72	2.57e-12
2_227128543_T_G	8.701e-02	0.62	2.6e-12
2_227125254_G_A	8.619e-02	0.62	2.65e-12
3_185524081_A_G	1.111e-01	0.27	2.65e-12
2_227093745_T_C	8.890e-02	0.63	2.93e-12
10_114760284_C_T	2.157e-01	0.06	3.15e-12
6_20666244_A_G	1.130e-01	0.31	3.46e-12
6_20545468_A_G	8.484e-02	0.40	3.55e-12
6_20660690_G_A	1.047e-01	0.36	3.81e-12
4_6272888_G_C	9.291e-02	0.72	3.9e-12
4_6280449_G_A	8.392e-02	0.60	3.93e-12
3_185490240_T_G	1.144e-01	0.24	4.06e-12
7_28189549_T_G	-8.041e-02	0.66	4.2e-12
6_20718240_A_T	1.146e-01	0.11	4.29e-12
9_22130515_G_A	-1.483e-01	0.10	4.33e-12
4_6285715_A_G	9.221e-02	0.72	4.4e-12
2_227108446_C_T	8.630e-02	0.62	4.69e-12
2_227151596_G_A	8.612e-02	0.63	4.83e-12
3_185506401_A_C	1.205e-01	0.24	4.87e-12
4_6271043_A_T	8.420e-02	0.60	4.9e-12
2_227116365_A_G	8.596e-02	0.63	5.03e-12
6_20662113_A_G	1.041e-01	0.36	5.21e-12
4_6282596_C_T	8.335e-02	0.60	5.31e-12
6_20752379_G_A	-8.412e-02	0.45	5.67e-12
4_6287241_T_C	8.374e-02	0.60	6.14e-12
10_94347830_G_A	-8.299e-02	0.52	6.67e-12
2_227122216_G_T	8.435e-02	0.62	7.34e-12
2_227181683_G_T	8.437e-02	0.61	7.54e-12
2_227180619_G_T	8.433e-02	0.62	7.92e-12
2_227068080_A_C	8.317e-02	0.66	8.41e-12
2_227047771_C_T	8.362e-02	0.66	8.64e-12
2_43690030_C_T	-1.342e-01	0.09	9.5e-12
6_20704424_G_A	1.259e-01	0.17	1.06e-11
16_53808258_A_G	8.189e-02	0.65	1.15e-11
11_2847069_T_G	8.258e-02	0.49	1.18e-11
4_6292818_C_G	8.023e-02	0.63	1.31e-11
6_20686878_C_T	1.257e-01	0.17	1.33e-11
4_6301058_G_A	8.567e-02	0.68	1.39e-11
11_92673828_C_T	8.851e-02	0.28	1.59e-11
6_20654897_T_C	1.060e-01	0.16	1.81e-11
10_114749421_G_A	2.064e-01	0.06	1.85e-11
6_20714466_T_C	1.254e-01	0.16	1.94e-11
17_36102381_A_G	-9.863e-02	0.54	1.97e-11
4_6295693_C_G	8.159e-02	0.63	2.28e-11
11_92690661_T_C	8.849e-02	0.28	2.28e-11
11_2838413_T_C	7.886e-02	0.51	2.41e-11
2_227054381_A_G	8.460e-02	0.67	2.8e-11
2_227171603_T_C	8.646e-02	0.63	2.81e-11
2_43629931_G_T	-1.444e-01	0.09	2.84e-11
2_227159177_G_A	8.536e-02	0.61	3.24e-11
3_12365308_G_T	-1.179e-01	0.12	3.24e-11
16_53797908_C_G	8.511e-02	0.51	3.25e-11
4_6306763_G_C	8.097e-02	0.62	3.42e-11
11_92683332_T_A	8.333e-02	0.34	3.48e-11
2_43707385_C_T	-1.435e-01	0.08	3.5e-11
16_53830867_T_A	9.691e-02	0.45	3.54e-11
2_227047414_G_T	8.422e-02	0.67	3.55e-11
4_6302519_G_A	8.663e-02	0.72	3.63e-11
3_12386337_C_T	-1.172e-01	0.12	3.75e-11
11_92668975_T_C	7.918e-02	0.36	3.75e-11
4_6315954_G_T	8.142e-02	0.57	3.77e-11
4_6295750_A_G	7.971e-02	0.56	4.07e-11
3_12392272_C_T	-1.166e-01	0.12	4.12e-11
10_94344415_C_T	-7.877e-02	0.47	4.26e-11
2_227058625_C_T	8.369e-02	0.67	4.33e-11
6_20652765_A_G	1.022e-01	0.16	4.48e-11
2_227073854_C_T	8.353e-02	0.67	4.79e-11
2_43705286_T_C	-1.271e-01	0.10	4.88e-11
5_76427311_G_A	-9.171e-02	0.68	5.04e-11
3_12391583_G_A	-1.158e-01	0.12	5.25e-11
2_43566146_A_G	-1.264e-01	0.11	5.26e-11
4_6303354_G_A	8.001e-02	0.56	5.47e-11
6_20716570_A_G	1.212e-01	0.17	5.47e-11
11_2858440_G_A	-1.900e-01	0.05	5.82e-11
7_14898282_C_T	1.002e-01	0.18	5.94e-11
6_20752480_A_T	-9.719e-02	0.44	5.97e-11
2_43687542_T_C	-1.313e-01	0.09	6.27e-11
3_185495320_G_A	1.178e-01	0.29	6.47e-11
17_36101586_A_C	-9.585e-02	0.54	6.5e-11
11_2858636_C_T	-2.401e-01	0.05	6.82e-11
16_53806145_T_C	9.528e-02	0.77	7.06e-11
2_227077377_C_T	8.261e-02	0.67	7.2e-11
4_6316381_C_A	7.934e-02	0.57	7.38e-11
3_64705365_C_T	-7.694e-02	0.41	7.39e-11
3_12383714_G_A	-1.146e-01	0.12	8.1e-11
7_28142186_G_T	8.419e-02	0.32	8.34e-11
4_6284633_A_G	8.214e-02	0.66	8.4e-11
2_227062080_A_G	8.178e-02	0.66	8.52e-11
11_92691532_T_C	7.872e-02	0.40	8.68e-11
2_43705265_A_G	-1.251e-01	0.10	9.16e-11
2_227179630_C_G	7.988e-02	0.62	9.27e-11
2_43618819_C_T	-1.430e-01	0.08	9.48e-11
3_64699445_C_T	-7.903e-02	0.41	9.91e-11
10_80942631_A_G	-7.515e-02	0.46	1.02e-10
3_12369401_C_T	-1.155e-01	0.12	1.03e-10
10_114771843_A_G	-1.337e-01	0.14	1.03e-10
2_43706002_T_C	-1.290e-01	0.10	1.11e-10
3_12391813_G_A	-1.138e-01	0.12	1.12e-10
2_43683885_A_C	-1.312e-01	0.09	1.26e-10
3_12390484_T_C	-1.134e-01	0.12	1.28e-10
4_6264968_T_C	8.399e-02	0.65	1.32e-10
5_76425867_G_A	-9.088e-02	0.69	1.45e-10
11_92684322_G_A	7.773e-02	0.40	1.45e-10
2_43678617_C_T	-1.430e-01	0.08	1.49e-10
3_12396955_G_A	-1.136e-01	0.12	1.51e-10
6_20751220_G_A	-9.496e-02	0.44	1.54e-10
2_43670183_C_T	-1.294e-01	0.09	1.57e-10
17_36103565_G_A	-9.414e-02	0.54	1.57e-10
3_64730121_T_C	7.885e-02	0.58	1.58e-10
3_12391207_C_T	-1.155e-01	0.12	1.63e-10
2_43671176_C_T	-1.303e-01	0.09	1.7e-10
2_43710807_A_G	-1.306e-01	0.10	1.75e-10
3_185480388_C_A	9.064e-02	0.20	1.75e-10
5_76424949_G_A	-8.946e-02	0.68	1.76e-10
11_72433098_A_C	-1.017e-01	0.16	1.79e-10
6_20753932_G_A	-9.483e-02	0.45	1.83e-10
3_123069058_C_T	-1.145e-01	0.18	1.84e-10
7_28200097_C_T	-9.372e-02	0.52	1.84e-10
17_36099840_C_T	-9.326e-02	0.53	1.84e-10
2_43586287_T_G	-1.406e-01	0.08	1.86e-10
2_43669851_T_C	-1.279e-01	0.09	1.9e-10
2_43610027_C_T	-1.409e-01	0.08	1.93e-10
3_123090360_G_A	-1.116e-01	0.20	1.97e-10
6_20757646_T_A	-7.391e-02	0.45	2.05e-10
11_2858546_C_T	-1.947e-01	0.05	2.1e-10
2_43666991_T_C	-1.271e-01	0.09	2.28e-10
3_185544309_G_A	7.719e-02	0.41	2.36e-10
2_43575984_C_G	-1.249e-01	0.10	2.37e-10
17_36101156_T_C	-8.497e-02	0.62	2.39e-10
2_43689071_A_G	-1.276e-01	0.09	2.49e-10
2_43721954_G_A	-1.272e-01	0.09	2.49e-10
8_41519248_T_C	8.736e-02	0.79	2.49e-10
10_114750157_C_T	-1.302e-01	0.14	2.57e-10
3_123131254_C_T	-8.746e-02	0.21	2.61e-10
11_92690032_G_T	7.919e-02	0.34	2.69e-10
2_43689904_G_A	-1.310e-01	0.09	2.79e-10
7_28198677_C_T	-9.281e-02	0.52	2.79e-10
2_43689364_C_A	-1.308e-01	0.09	2.81e-10
2_43712785_G_T	-1.302e-01	0.09	3.09e-10
2_43687879_C_T	-1.306e-01	0.09	3.28e-10
2_227092405_T_A	9.659e-02	0.64	3.49e-10
2_227099975_T_C	9.590e-02	0.62	3.51e-10
3_123087916_T_A	-1.111e-01	0.20	3.77e-10
10_114820191_T_C	1.358e-01	0.10	3.78e-10
2_227020653_A_G	-7.938e-02	0.35	3.81e-10
2_43567218_T_C	-1.183e-01	0.11	3.89e-10
6_20731524_A_C	1.021e-01	0.12	3.92e-10
11_72432985_G_A	-9.973e-02	0.16	4.07e-10
2_227095876_G_T	9.543e-02	0.62	4.31e-10
11_92694757_A_G	7.716e-02	0.41	4.55e-10
2_43685493_A_G	-1.299e-01	0.09	4.66e-10
2_43702151_A_G	-1.273e-01	0.09	4.69e-10
2_227095220_C_A	9.525e-02	0.63	4.7e-10
2_227094758_A_G	9.523e-02	0.63	4.75e-10
2_43678759_C_G	-1.296e-01	0.09	4.82e-10
2_43685109_C_A	-1.293e-01	0.09	4.93e-10
3_185547917_C_T	7.268e-02	0.41	4.93e-10
11_2857194_A_C	9.092e-02	0.42	4.93e-10
3_123093887_C_T	-1.089e-01	0.20	5.04e-10
6_20675295_A_G	-7.709e-02	0.47	5.42e-10
3_64710850_T_C	-7.569e-02	0.41	5.53e-10
2_43701151_T_C	-1.276e-01	0.09	5.81e-10
2_43701951_G_T	-1.279e-01	0.09	5.86e-10
2_43733509_G_T	-1.250e-01	0.09	5.93e-10
12_27965150_C_T	-9.152e-02	0.22	6.08e-10
2_43673442_A_G	-1.290e-01	0.09	6.27e-10
2_43702829_A_T	-1.278e-01	0.09	6.28e-10
8_41523745_G_A	-8.525e-02	0.21	6.31e-10
4_6292909_C_T	9.374e-02	0.62	6.33e-10
3_64714182_G_A	7.549e-02	0.59	6.65e-10
2_43735713_C_T	-1.274e-01	0.09	6.66e-10
10_114752410_C_T	2.975e-01	0.03	6.68e-10
16_53834508_T_C	9.448e-02	0.66	6.87e-10
4_6290037_G_C	9.193e-02	0.62	7.16e-10
2_43686245_C_G	-1.243e-01	0.09	7.35e-10
16_53841177_A_G	9.434e-02	0.67	7.47e-10
16_53830491_T_C	1.148e-01	0.45	7.66e-10
2_43672499_A_C	-1.278e-01	0.09	7.74e-10
2_43745520_C_G	-1.237e-01	0.09	7.9e-10
3_185514421_A_G	1.293e-01	0.25	7.96e-10
6_20640904_A_G	-7.287e-02	0.46	8.1e-10
11_17408630_C_T	-7.214e-02	0.66	8.5e-10
11_72474839_A_G	-9.423e-02	0.20	8.64e-10
7_14882428_G_A	9.413e-02	0.17	9.31e-10
3_123130684_C_T	-8.766e-02	0.21	9.39e-10
4_6283253_T_C	9.597e-02	0.68	9.66e-10
4_6294414_T_C	9.118e-02	0.62	9.84e-10
3_123094451_T_C	9.166e-02	0.80	1.04e-09
6_20658978_A_C	1.068e-01	0.32	1.04e-09
2_227101309_T_C	9.329e-02	0.62	1.06e-09
2_227112754_C_T	9.295e-02	0.62	1.07e-09
6_20667799_A_G	1.215e-01	0.11	1.08e-09
11_2856658_C_G	9.113e-02	0.40	1.13e-09
12_66212318_C_T	1.184e-01	0.11	1.16e-09
11_2691500_G_A	8.251e-02	0.25	1.21e-09
2_43734847_C_T	-1.257e-01	0.09	1.29e-09
2_43732488_T_C	-1.257e-01	0.09	1.33e-09
3_185529629_T_G	1.183e-01	0.20	1.37e-09
2_43678726_T_C	-1.281e-01	0.09	1.5e-09
3_64702275_C_G	-7.787e-02	0.25	1.56e-09
2_43704092_A_G	-1.245e-01	0.09	1.57e-09
3_64701146_A_G	-7.603e-02	0.29	1.63e-09
4_6283460_C_T	9.453e-02	0.68	1.63e-09
11_2691471_A_G	7.890e-02	0.51	1.65e-09
2_227107501_C_T	9.187e-02	0.63	1.67e-09
3_64710253_G_A	-7.406e-02	0.40	1.73e-09
2_43729212_G_A	-1.247e-01	0.09	1.74e-09
2_43732234_C_T	-1.249e-01	0.09	1.75e-09
6_20740296_C_T	7.400e-02	0.41	1.75e-09
2_227106361_G_A	9.164e-02	0.63	1.81e-09
2_227133220_C_T	9.178e-02	0.63	1.82e-09
10_94495753_C_A	7.429e-02	0.46	1.84e-09
11_2858295_C_T	-2.300e-01	0.04	1.88e-09
2_43703183_T_G	-1.249e-01	0.09	1.9e-09
3_185479733_G_T	8.674e-02	0.18	1.97e-09
4_6285797_C_A	9.652e-02	0.60	1.97e-09
2_43732823_T_C	-1.266e-01	0.09	2e-09
2_43668169_G_C	-1.249e-01	0.09	2.08e-09
4_6293474_A_G	8.950e-02	0.63	2.09e-09
2_43557484_C_G	-1.169e-01	0.11	2.18e-09
4_6265197_T_C	8.900e-02	0.61	2.19e-09
4_6282393_A_G	9.380e-02	0.68	2.19e-09
4_6299914_A_G	8.884e-02	0.63	2.32e-09
10_80942721_A_G	-7.011e-02	0.42	2.34e-09
2_43736969_T_C	-1.238e-01	0.09	2.35e-09
2_43761299_A_G	-1.202e-01	0.09	2.35e-09
2_43735353_T_C	-1.237e-01	0.09	2.38e-09
2_227140987_G_A	9.107e-02	0.63	2.41e-09
2_227108200_G_T	9.097e-02	0.63	2.42e-09
9_22051670_G_C	7.238e-02	0.59	2.42e-09
17_36098987_G_A	-8.013e-02	0.62	2.45e-09
7_28183702_T_C	-7.537e-02	0.66	2.51e-09
3_185487155_A_T	9.333e-02	0.33	2.55e-09
2_43668261_C_T	-1.237e-01	0.09	2.68e-09
3_123054770_A_C	-1.104e-01	0.19	2.79e-09
16_53848561_A_G	8.898e-02	0.63	2.82e-09
2_43764442_T_C	-1.150e-01	0.09	2.83e-09
12_66192667_A_G	1.177e-01	0.11	2.95e-09
9_22130065_A_G	-1.306e-01	0.10	3.08e-09
2_227164994_G_A	9.034e-02	0.63	3.11e-09
6_20576883_G_A	8.741e-02	0.40	3.13e-09
10_94487801_G_A	8.669e-02	0.51	3.16e-09
2_43736171_T_C	-1.226e-01	0.09	3.22e-09
2_227136020_C_T	9.029e-02	0.63	3.28e-09
2_43753913_A_C	-1.224e-01	0.09	3.31e-09
3_64704860_A_G	-7.702e-02	0.29	3.32e-09
4_6295064_A_G	9.221e-02	0.67	3.45e-09
3_23454790_A_G	-8.175e-02	0.24	3.56e-09
2_43712163_T_G	-1.258e-01	0.09	3.68e-09
2_227178726_T_C	8.998e-02	0.62	3.69e-09
2_227164437_C_T	8.987e-02	0.63	3.78e-09
2_43748983_G_A	-1.223e-01	0.09	3.96e-09
4_6294655_T_G	8.871e-02	0.63	4.27e-09
3_64704891_T_C	-7.626e-02	0.29	4.39e-09
2_227172598_C_T	8.885e-02	0.61	4.52e-09
2_227176093_G_A	8.936e-02	0.62	4.54e-09
15_77832762_G_A	7.419e-02	0.70	4.6e-09
10_94479107_A_G	-8.758e-02	0.41	4.62e-09
9_22054040_C_T	7.054e-02	0.59	4.99e-09
11_17418477_C_A	-7.162e-02	0.66	5e-09
10_94480334_C_T	-8.784e-02	0.39	5.01e-09
6_20643222_C_G	-6.773e-02	0.43	5.08e-09
6_20565956_G_T	1.028e-01	0.16	5.26e-09
9_84308948_G_A	-7.114e-02	0.42	5.39e-09
10_114779013_C_T	1.690e-01	0.07	5.55e-09
3_123068817_T_C	-9.676e-02	0.24	5.56e-09
6_20665591_G_A	1.209e-01	0.11	5.61e-09
9_22003367_G_A	7.038e-02	0.57	5.71e-09
7_14923907_A_T	9.411e-02	0.16	5.8e-09
6_20661842_T_C	1.212e-01	0.11	5.82e-09
11_92668826_C_T	6.961e-02	0.42	5.82e-09
5_55806751_A_G	7.795e-02	0.72	5.99e-09
2_43703684_G_C	-1.197e-01	0.09	6.03e-09
3_64700425_A_G	-7.569e-02	0.29	6.2e-09
10_94468643_T_C	8.504e-02	0.50	6.21e-09
4_6282473_T_C	8.701e-02	0.62	6.22e-09
10_94311815_G_A	-1.035e-01	0.46	6.24e-09
15_91544076_A_G	7.346e-02	0.32	6.34e-09
6_20602797_A_G	7.173e-02	0.34	6.43e-09
6_20665730_T_C	1.204e-01	0.11	6.47e-09
12_71439589_C_T	-6.688e-02	0.57	6.47e-09
12_71433293_C_T	-6.912e-02	0.57	6.51e-09
2_43756032_C_T	-1.206e-01	0.09	6.52e-09
6_20601693_A_G	7.296e-02	0.34	6.56e-09
6_20535970_C_T	9.653e-02	0.16	7e-09
19_19407718_T_C	1.265e-01	0.07	7.04e-09
2_43752346_A_G	-1.205e-01	0.09	7.17e-09
11_17403639_T_C	-7.184e-02	0.65	7.52e-09
6_20656945_T_C	8.687e-02	0.20	8.07e-09
1_214154719_G_T	-7.089e-02	0.38	8.1e-09
4_6304344_G_A	8.553e-02	0.62	8.13e-09
9_22019673_G_C	-6.835e-02	0.43	8.21e-09
2_43758199_A_G	-1.195e-01	0.09	8.56e-09
4_6287456_C_T	9.375e-02	0.72	8.83e-09
3_185477746_T_C	1.007e-01	0.18	8.88e-09
7_28260312_G_A	-7.611e-02	0.59	9.33e-09
2_43752548_G_A	-1.193e-01	0.09	9.5e-09
3_185473065_G_A	8.451e-02	0.18	9.78e-09
10_94460650_T_C	-8.476e-02	0.45	9.91e-09
2_165528876_C_T	-7.032e-02	0.41	1e-08
10_94462427_T_C	-8.467e-02	0.45	1.03e-08
6_20656767_G_A	8.610e-02	0.20	1.05e-08
11_72629946_A_G	-8.278e-02	0.20	1.07e-08
6_20741383_G_A	7.742e-02	0.41	1.08e-08
4_6281458_A_C	9.335e-02	0.72	1.09e-08
19_19658472_G_T	1.173e-01	0.07	1.12e-08
6_20648762_A_G	-6.601e-02	0.43	1.17e-08
18_57884750_G_A	7.530e-02	0.25	1.19e-08
11_92667730_G_C	6.935e-02	0.35	1.2e-08
2_43749436_T_G	-1.144e-01	0.09	1.21e-08
2_43752407_G_A	-1.181e-01	0.09	1.22e-08
2_43751480_T_C	-1.145e-01	0.09	1.24e-08
11_72615069_C_G	-8.607e-02	0.19	1.25e-08
6_20585140_G_A	6.804e-02	0.34	1.32e-08
2_43676433_T_G	-1.196e-01	0.09	1.36e-08
5_55815892_A_G	7.533e-02	0.73	1.36e-08
2_227022036_T_C	-7.800e-02	0.35	1.39e-08
13_80717156_G_A	-7.373e-02	0.27	1.39e-08
9_22031005_G_A	6.593e-02	0.58	1.43e-08
3_64719091_G_C	-6.983e-02	0.41	1.44e-08
10_94463945_G_A	-8.373e-02	0.45	1.48e-08
2_43850357_G_C	-1.039e-01	0.12	1.49e-08
4_6282157_T_C	8.931e-02	0.62	1.53e-08
18_57858829_T_C	7.611e-02	0.25	1.53e-08
18_57859563_C_A	7.370e-02	0.25	1.56e-08
11_2849530_A_C	-1.345e-01	0.07	1.67e-08
10_94257976_C_T	7.991e-02	0.24	1.68e-08
2_165528624_G_T	-6.927e-02	0.41	1.7e-08
6_20599628_C_T	6.752e-02	0.34	1.71e-08
10_114861304_A_G	-7.850e-02	0.32	1.78e-08
2_60568745_A_T	6.690e-02	0.47	1.81e-08
4_6281496_A_G	9.183e-02	0.72	1.82e-08
11_72669777_T_C	-8.496e-02	0.19	1.86e-08
9_22019129_A_G	-6.511e-02	0.43	1.88e-08
9_22036112_G_T	6.988e-02	0.58	1.93e-08
2_43806918_C_T	-1.030e-01	0.11	1.94e-08
5_55796319_C_T	7.412e-02	0.71	1.96e-08
10_114781863_T_G	1.620e-01	0.07	2.01e-08
13_80707429_A_G	-7.208e-02	0.27	2.09e-08
8_118222398_G_A	-7.267e-02	0.60	2.1e-08
2_165508389_C_T	-6.859e-02	0.42	2.12e-08
2_60585806_T_C	6.514e-02	0.46	2.15e-08
9_22029547_T_C	-6.549e-02	0.41	2.15e-08
2_43834352_T_C	-1.009e-01	0.11	2.17e-08
2_60573870_A_G	6.645e-02	0.46	2.17e-08
15_77747190_A_G	7.215e-02	0.68	2.17e-08
6_20661021_G_A	8.414e-02	0.20	2.18e-08
19_19460541_G_C	1.559e-01	0.07	2.24e-08
10_94368178_G_A	-8.022e-02	0.23	2.27e-08
3_123129170_C_T	-9.686e-02	0.21	2.28e-08
7_28177338_G_A	-8.199e-02	0.53	2.28e-08
4_6286954_A_G	8.290e-02	0.61	2.31e-08
12_66170481_A_C	1.190e-01	0.11	2.32e-08
6_20775660_A_G	1.168e-01	0.08	2.35e-08
5_55803533_G_A	7.435e-02	0.71	2.38e-08
7_28172732_C_T	-8.184e-02	0.53	2.39e-08
9_22032152_T_G	-6.702e-02	0.41	2.6e-08
19_19366632_C_T	1.588e-01	0.06	2.6e-08
2_43754655_T_C	-1.185e-01	0.09	2.63e-08
2_43844833_G_A	-1.004e-01	0.11	2.69e-08
2_43546624_T_C	-1.071e-01	0.11	2.76e-08
6_20662123_A_G	-6.652e-02	0.43	2.77e-08
10_114648499_C_A	1.082e-01	0.14	2.77e-08
4_6295583_C_A	8.360e-02	0.63	2.78e-08
6_20576666_G_A	6.874e-02	0.33	2.86e-08
6_20678430_G_C	7.966e-02	0.78	2.92e-08
3_64711904_C_T	-7.401e-02	0.22	2.93e-08
3_123129946_G_A	-9.595e-02	0.21	2.94e-08
4_6272718_G_A	8.235e-02	0.60	2.94e-08
3_64722611_G_T	8.325e-02	0.59	2.95e-08
3_123051019_T_C	-9.903e-02	0.19	3.11e-08
10_94432000_C_T	8.098e-02	0.44	3.11e-08
6_20844151_G_A	6.694e-02	0.59	3.18e-08
6_20601043_T_G	8.429e-02	0.34	3.19e-08
4_6286847_G_T	8.222e-02	0.62	3.2e-08
10_114749018_G_A	-1.367e-01	0.07	3.2e-08
2_165501849_A_C	-7.040e-02	0.38	3.28e-08
3_64724632_C_T	8.251e-02	0.58	3.31e-08
9_22029080_G_A	-6.650e-02	0.41	3.37e-08
2_227026864_T_A	-8.398e-02	0.33	3.39e-08
11_2839751_C_T	-1.470e-01	0.07	3.43e-08
11_2694606_C_A	7.177e-02	0.31	3.47e-08
2_43849406_A_C	-1.009e-01	0.12	3.48e-08
18_57861961_G_A	7.401e-02	0.25	3.48e-08
9_22033366_C_T	6.630e-02	0.58	3.5e-08
16_75247245_T_G	-1.110e-01	0.10	3.5e-08
2_43850031_A_G	-1.009e-01	0.12	3.54e-08
6_20660223_C_T	8.295e-02	0.20	3.54e-08
9_22011642_G_A	-6.842e-02	0.38	3.61e-08
2_43706350_C_G	-1.128e-01	0.09	3.65e-08
6_20774759_G_A	-6.881e-02	0.33	3.69e-08
19_19610596_C_T	1.153e-01	0.08	3.71e-08
19_19662220_C_T	1.158e-01	0.07	3.74e-08
4_6298582_C_T	8.159e-02	0.61	3.76e-08
2_43737465_C_G	-1.137e-01	0.09	3.85e-08
9_22043926_A_G	-6.641e-02	0.41	3.88e-08
2_43528478_C_T	-1.066e-01	0.11	3.92e-08
4_6294124_G_T	9.696e-02	0.63	3.92e-08
2_43809248_T_G	-9.860e-02	0.11	3.95e-08
9_22036367_C_T	6.631e-02	0.58	3.96e-08
2_43834163_A_G	-9.897e-02	0.11	4.08e-08
2_43677253_T_A	-1.206e-01	0.09	4.09e-08
4_6324785_T_C	6.450e-02	0.48	4.25e-08
12_27946919_T_C	-7.691e-02	0.25	4.27e-08
6_20655503_A_G	8.202e-02	0.20	4.41e-08
4_6271416_G_T	8.109e-02	0.60	4.46e-08
9_22040765_C_T	6.577e-02	0.58	4.56e-08
4_6286711_C_A	8.497e-02	0.62	4.71e-08
3_64708114_C_T	-7.338e-02	0.27	4.75e-08
6_20666457_T_C	7.980e-02	0.20	4.76e-08
2_43847646_G_A	-1.007e-01	0.11	4.81e-08
6_20658218_C_T	8.276e-02	0.20	4.93e-08
4_6299913_C_T	8.027e-02	0.59	5.01e-08
2_43848664_T_C	-1.006e-01	0.12	5.02e-08
6_20541180_C_T	6.691e-02	0.34	5.08e-08
6_20630397_G_A	8.273e-02	0.20	5.16e-08
4_153520475_C_T	-7.015e-02	0.28	5.26e-08
11_72707441_A_C	-7.985e-02	0.20	5.26e-08
10_94424422_G_A	-8.087e-02	0.42	5.3e-08
10_94305189_A_G	7.272e-02	0.29	5.56e-08
9_22009698_G_C	6.577e-02	0.55	5.59e-08
2_43807090_T_C	-9.746e-02	0.11	5.65e-08
2_43494177_T_C	-1.002e-01	0.11	5.94e-08
18_57876227_T_C	7.022e-02	0.25	6.02e-08
11_72727840_A_G	-7.945e-02	0.20	6.09e-08
10_94424073_T_G	-8.047e-02	0.42	6.12e-08
3_123070426_G_A	-1.175e-01	0.18	6.31e-08
12_66168151_G_T	9.584e-02	0.15	6.33e-08
12_121426901_G_C	-8.138e-02	0.20	6.52e-08
10_80948593_A_G	-6.576e-02	0.42	6.75e-08
6_20634886_T_C	-6.387e-02	0.47	6.77e-08
2_60586707_C_G	6.246e-02	0.47	6.89e-08
16_53826034_T_C	9.713e-02	0.80	6.93e-08
6_20715826_T_G	1.293e-01	0.17	7.04e-08
2_43822006_A_G	-1.006e-01	0.11	7.39e-08
2_165511794_C_G	-6.818e-02	0.38	7.43e-08
9_22127641_G_A	-1.065e-01	0.19	7.55e-08
2_43493049_C_T	-1.030e-01	0.11	7.74e-08
2_43552460_G_C	-1.030e-01	0.11	7.81e-08
17_36106313_T_G	-7.397e-02	0.33	7.87e-08
18_57858802_A_G	7.212e-02	0.26	7.88e-08
11_92698427_C_G	6.422e-02	0.40	7.89e-08
18_57876034_C_T	6.941e-02	0.25	7.89e-08
6_20570039_C_T	6.419e-02	0.34	7.97e-08
6_20656580_G_T	7.930e-02	0.20	8.05e-08
11_72851463_C_T	7.759e-02	0.79	8.15e-08
17_36102035_G_C	-7.888e-02	0.44	8.19e-08
6_20841480_T_C	1.132e-01	0.08	8.23e-08
2_43633268_T_C	-1.465e-01	0.09	8.36e-08
2_43815945_A_G	-1.000e-01	0.11	8.38e-08
3_64707269_G_A	-6.637e-02	0.40	8.38e-08
3_123001494_G_A	-7.681e-02	0.18	8.38e-08
10_94311924_T_C	7.369e-02	0.24	8.52e-08
2_43677273_G_C	-1.230e-01	0.09	8.73e-08
4_6271071_T_C	7.925e-02	0.60	8.73e-08
4_6271826_T_C	8.137e-02	0.60	8.78e-08
2_43713808_A_C	-1.186e-01	0.09	8.8e-08
6_20753441_C_T	-6.913e-02	0.33	8.82e-08
1_214163675_G_A	6.168e-02	0.47	9.32e-08
3_64729892_G_A	7.393e-02	0.77	9.64e-08
2_43626668_G_T	-1.466e-01	0.09	9.76e-08
2_43841269_C_T	-9.961e-02	0.11	9.8e-08
2_43812180_G_A	-9.904e-02	0.11	9.82e-08
4_6286528_C_T	7.881e-02	0.60	9.91e-08
19_19329924_C_T	1.197e-01	0.07	9.94e-08
4_6265251_C_T	7.885e-02	0.60	9.97e-08
3_185469491_A_G	9.731e-02	0.20	1.02e-07
1_214159256_T_C	6.433e-02	0.54	1.05e-07
2_43814984_C_T	-9.949e-02	0.11	1.05e-07
6_20760177_C_T	1.160e-01	0.08	1.06e-07
2_43622472_C_T	-1.457e-01	0.09	1.07e-07
15_91528358_G_A	6.728e-02	0.34	1.09e-07
3_64703665_C_T	-7.207e-02	0.21	1.11e-07
10_94362928_G_A	-7.896e-02	0.59	1.11e-07
17_36101926_G_A	-7.803e-02	0.44	1.11e-07
2_43840048_G_A	-9.908e-02	0.11	1.12e-07
9_22065657_G_C	6.511e-02	0.60	1.15e-07
10_94294291_A_G	7.147e-02	0.29	1.15e-07
11_2717293_T_C	6.204e-02	0.54	1.15e-07
2_43833013_A_G	-9.911e-02	0.11	1.16e-07
10_94308253_T_C	7.216e-02	0.29	1.16e-07
3_64718258_G_C	-7.462e-02	0.25	1.17e-07
7_28142088_A_G	-7.745e-02	0.54	1.18e-07
2_43493133_C_T	-1.015e-01	0.11	1.2e-07
2_43812317_G_A	-9.848e-02	0.11	1.2e-07
2_43841119_A_G	-9.884e-02	0.11	1.2e-07
6_20580893_G_T	6.324e-02	0.34	1.2e-07
10_114915214_G_T	6.727e-02	0.62	1.22e-07
2_43834118_T_C	-9.846e-02	0.11	1.27e-07
4_6293838_A_G	9.878e-02	0.63	1.27e-07
2_43501686_G_A	-1.013e-01	0.11	1.29e-07
18_57872989_A_G	7.140e-02	0.25	1.3e-07
12_71405206_C_T	-6.283e-02	0.55	1.36e-07
2_43832049_C_T	-9.868e-02	0.11	1.38e-07
6_20767471_C_T	1.180e-01	0.08	1.39e-07
6_20955332_T_C	-6.773e-02	0.34	1.42e-07
4_6323465_C_T	6.285e-02	0.57	1.43e-07
11_17412960_A_G	-6.531e-02	0.71	1.45e-07
2_43626521_T_C	-1.438e-01	0.09	1.48e-07
2_43698753_G_A	-1.732e-01	0.06	1.58e-07
2_43846553_G_T	-9.786e-02	0.11	1.6e-07
3_12131687_C_T	-1.223e-01	0.06	1.62e-07
4_6273802_T_G	8.089e-02	0.60	1.63e-07
6_20528834_G_A	1.028e-01	0.14	1.63e-07
2_165539661_T_C	-6.183e-02	0.42	1.65e-07
9_22064391_G_A	6.425e-02	0.61	1.78e-07
10_94281685_T_G	-7.964e-02	0.38	1.8e-07
18_57903604_T_C	6.995e-02	0.25	1.81e-07
11_17389850_G_A	-6.309e-02	0.66	1.82e-07
11_17372443_C_A	-6.100e-02	0.66	1.84e-07
9_22061614_A_G	6.403e-02	0.61	1.85e-07
2_43839896_G_A	-9.719e-02	0.11	1.88e-07
9_22067830_G_A	6.386e-02	0.60	1.89e-07
15_91511260_A_G	6.218e-02	0.39	1.91e-07
15_91521337_C_A	6.491e-02	0.34	1.94e-07
5_76439250_G_A	-6.619e-02	0.52	1.95e-07
4_6302707_C_T	7.800e-02	0.61	1.98e-07
18_57767635_T_C	8.246e-02	0.18	1.99e-07
3_23212575_C_A	-1.030e-01	0.10	2e-07
11_17394073_C_G	-6.338e-02	0.66	2.04e-07
16_75246419_C_T	-9.434e-02	0.13	2.04e-07
2_60572671_C_T	6.238e-02	0.46	2.06e-07
4_6284965_A_G	8.654e-02	0.68	2.06e-07
11_2857233_G_A	-1.643e-01	0.05	2.07e-07
19_19723215_C_T	1.082e-01	0.08	2.19e-07
7_28162674_C_T	-7.589e-02	0.51	2.23e-07
11_2711142_T_C	6.260e-02	0.53	2.24e-07
11_2826617_A_G	-1.401e-01	0.05	2.25e-07
3_64723072_A_G	7.815e-02	0.59	2.26e-07
12_121471931_C_T	-7.565e-02	0.19	2.28e-07
9_22061562_C_A	6.347e-02	0.61	2.29e-07
18_57904088_C_T	6.998e-02	0.26	2.33e-07
6_20734076_A_C	-6.728e-02	0.33	2.36e-07
3_64708600_A_C	-7.816e-02	0.40	2.42e-07
2_227139572_A_G	6.315e-02	0.45	2.47e-07
2_43505058_C_T	-9.886e-02	0.11	2.49e-07
6_20752331_G_C	-9.024e-02	0.50	2.5e-07
7_28138193_A_G	6.703e-02	0.27	2.54e-07
6_20633907_G_A	7.853e-02	0.16	2.56e-07
2_227142666_A_G	6.078e-02	0.45	2.58e-07
9_4292083_G_A	6.236e-02	0.44	2.58e-07
2_43481013_G_A	-1.020e-01	0.11	2.64e-07
6_20664312_A_G	7.696e-02	0.20	2.64e-07
9_4290085_G_C	5.941e-02	0.44	2.77e-07
2_43461119_C_T	-9.872e-02	0.11	2.78e-07
11_2705175_A_G	6.004e-02	0.52	2.78e-07
15_91503871_T_G	6.541e-02	0.34	2.8e-07
9_81905590_A_G	-1.154e-01	0.07	2.83e-07
10_94350681_G_A	-7.837e-02	0.39	2.83e-07
6_20586575_G_A	1.394e-01	0.06	2.85e-07
2_43593000_A_G	-1.448e-01	0.08	2.91e-07
2_165551201_T_C	-9.144e-02	0.15	2.93e-07
7_28208836_T_G	-8.451e-02	0.88	2.94e-07
19_19721722_G_A	1.087e-01	0.08	2.97e-07
2_43804933_A_C	-9.513e-02	0.11	3.09e-07
19_19702384_G_A	1.457e-01	0.07	3.09e-07
6_20631545_A_T	7.855e-02	0.16	3.11e-07
11_72409189_C_T	-6.808e-02	0.27	3.11e-07
4_153515580_A_G	-6.574e-02	0.31	3.12e-07
6_20541519_C_T	-6.146e-02	0.36	3.12e-07
7_28202430_G_A	-8.313e-02	0.88	3.23e-07
12_4374373_A_G	7.758e-02	0.20	3.25e-07
12_121460686_T_A	-7.703e-02	0.20	3.31e-07
2_43698028_A_T	-1.442e-01	0.08	3.33e-07
15_91506452_T_C	6.093e-02	0.38	3.38e-07
2_43449385_C_T	-9.896e-02	0.11	3.41e-07
7_15052860_T_C	5.911e-02	0.48	3.41e-07
6_7281654_A_G	-6.309e-02	0.42	3.42e-07
6_7290437_A_G	-6.051e-02	0.43	3.43e-07
11_2826199_A_G	-1.367e-01	0.05	3.45e-07
9_22026077_T_C	-6.123e-02	0.43	3.46e-07
11_2692249_C_T	7.549e-02	0.40	3.47e-07
18_57911330_A_G	6.840e-02	0.25	3.47e-07
9_22068652_G_A	6.361e-02	0.60	3.48e-07
2_43819139_A_G,T	-9.590e-02	0.11	3.72e-07
18_57734857_C_T	6.619e-02	0.26	3.76e-07
18_58049192_A_C	-1.679e-01	0.03	3.77e-07
2_43468636_T_C	-9.387e-02	0.11	3.86e-07
2_43777964_C_T	-1.646e-01	0.06	3.9e-07
11_2844216_G_C	6.878e-02	0.47	3.9e-07
17_36104121_C_G	-7.456e-02	0.43	3.91e-07
5_76430636_C_G	-6.589e-02	0.54	4e-07
2_43494221_G_T	-9.497e-02	0.11	4.01e-07
6_20598303_G_A	1.436e-01	0.06	4.06e-07
10_114854383_C_T	-7.479e-02	0.25	4.07e-07
6_20744727_C_T	-6.354e-02	0.33	4.08e-07
19_19721976_C_T	1.096e-01	0.08	4.18e-07
6_31136453_A_G	6.927e-02	0.78	4.2e-07
19_19379549_C_T	1.348e-01	0.07	4.21e-07
10_124167512_C_T	-5.880e-02	0.47	4.24e-07
1_214145706_C_T	5.874e-02	0.48	4.28e-07
3_12276493_G_T	-1.221e-01	0.05	4.33e-07
11_2825871_C_T	-1.519e-01	0.05	4.36e-07
19_46158513_T_G	6.547e-02	0.28	4.36e-07
5_55856375_G_T	7.445e-02	0.18	4.38e-07
4_6304087_A_G,T	8.726e-02	0.68	4.4e-07
6_20602380_A_G	-6.259e-02	0.37	4.4e-07
10_94364882_C_T	-7.704e-02	0.38	4.4e-07
10_94387334_T_C	-7.712e-02	0.38	4.4e-07
6_20639409_C_T	7.646e-02	0.16	4.46e-07
18_57896742_C_T	6.751e-02	0.25	4.46e-07
3_64720023_T_C	-7.704e-02	0.40	4.63e-07
2_43466619_A_C	-9.568e-02	0.11	4.67e-07
6_7275926_A_G	-5.922e-02	0.41	4.75e-07
18_57882787_C_A	6.449e-02	0.31	4.77e-07
6_20577561_G_T	9.186e-02	0.40	4.85e-07
6_20634428_G_T	7.661e-02	0.16	4.91e-07
3_64722045_G_A	-7.753e-02	0.40	4.92e-07
9_81898980_A_G	-1.123e-01	0.07	4.94e-07
2_43602932_T_G	-1.416e-01	0.08	4.95e-07
2_43659970_G_T	-1.340e-01	0.08	4.96e-07
3_12301360_G_T	-1.200e-01	0.05	4.96e-07
3_64708628_C_T	-7.036e-02	0.21	5.09e-07
2_43598160_A_G	-1.418e-01	0.08	5.17e-07
10_94415078_A_C	-7.657e-02	0.38	5.22e-07
4_153252061_A_G	-6.326e-02	0.29	5.23e-07
6_20635262_C_T	7.633e-02	0.16	5.34e-07
15_91546497_T_G	6.156e-02	0.42	5.34e-07
2_27741237_T_C	5.981e-02	0.59	5.37e-07
2_43763539_T_G	-1.233e-01	0.09	5.39e-07
4_6295427_C_G	7.564e-02	0.63	5.4e-07
5_76435004_G_A	-8.197e-02	0.68	5.45e-07
15_91561446_T_C	6.102e-02	0.40	5.5e-07
2_43682635_G_A	-1.293e-01	0.09	5.7e-07
18_57790225_T_G	6.098e-02	0.34	5.7e-07
2_43743248_G_A	-1.255e-01	0.10	5.75e-07
9_4291928_A_C	6.192e-02	0.38	5.75e-07
15_91508803_C_A	5.981e-02	0.35	5.77e-07
4_6316817_G_T	7.439e-02	0.54	5.78e-07
5_76435346_G_A	-6.484e-02	0.53	5.85e-07
18_57738602_T_G	6.715e-02	0.26	5.96e-07
18_57829135_T_C	6.908e-02	0.23	5.96e-07
4_6304878_C_T	7.479e-02	0.61	6.03e-07
15_91563829_A_G	6.072e-02	0.40	6.11e-07
11_92679778_C_T	9.982e-02	0.34	6.16e-07
7_28229042_G_A	-8.104e-02	0.88	6.21e-07
7_28259233_T_C	7.045e-02	0.20	6.28e-07
11_72460398_A_C	-9.568e-02	0.17	6.67e-07
2_60577289_G_T	5.988e-02	0.34	6.74e-07
11_128236058_C_A	-6.478e-02	0.74	6.75e-07
2_227149804_T_G	5.690e-02	0.45	6.78e-07
17_36096515_T_C	-6.872e-02	0.65	6.85e-07
6_20631953_C_A	7.501e-02	0.16	6.92e-07
15_77870371_A_G	-6.193e-02	0.44	6.94e-07
2_43604741_G_A	-1.401e-01	0.08	7.02e-07
6_20629708_C_T	7.554e-02	0.16	7.21e-07
16_75295639_C_A	-1.066e-01	0.10	7.22e-07
11_92722761_G_A	6.005e-02	0.54	7.27e-07
7_28225514_T_A	-8.318e-02	0.88	7.31e-07
5_55860781_A_G	7.900e-02	0.17	7.37e-07
3_12277845_G_A	-1.182e-01	0.05	7.41e-07
9_22067276_T_A	6.144e-02	0.60	7.47e-07
8_41509259_G_A	5.775e-02	0.59	7.54e-07
2_227034499_G_A	-5.909e-02	0.49	7.65e-07
3_64701890_T_C	-7.707e-02	0.29	7.67e-07
2_43805228_C_T	-9.261e-02	0.11	7.73e-07
11_2706351_T_C	5.761e-02	0.52	7.73e-07
4_153411843_T_C	-6.209e-02	0.29	7.81e-07
3_23235424_A_G	-9.699e-02	0.11	7.82e-07
19_19477877_A_C	1.318e-01	0.08	7.85e-07
2_165507843_C_T	-6.158e-02	0.39	7.88e-07
7_28203142_C_T	-6.143e-02	0.74	7.97e-07
11_92717475_G_A	5.885e-02	0.54	7.97e-07
3_12289800_A_G	-1.178e-01	0.05	8.21e-07
15_91565804_A_G	6.010e-02	0.40	8.27e-07
2_43495108_A_T	-9.450e-02	0.11	8.3e-07
2_227134516_A_G	5.809e-02	0.45	8.32e-07
10_114757314_C_A	1.915e-01	0.04	8.32e-07
2_43456734_A_G	-9.291e-02	0.11	8.33e-07
2_227054881_A_C	5.857e-02	0.51	8.43e-07
2_43678387_C_T	-1.277e-01	0.09	8.45e-07
2_227046342_T_C	5.874e-02	0.51	8.51e-07
7_28205303_T_C	-6.586e-02	0.74	8.62e-07
2_43688324_C_A	-1.272e-01	0.09	8.69e-07
4_153254121_C_T	-6.488e-02	0.28	8.73e-07
15_91563513_T_C	5.799e-02	0.40	8.74e-07
3_12288288_G_A	-1.171e-01	0.05	8.75e-07
6_20583090_A_G	1.390e-01	0.06	8.87e-07
2_43690860_C_T	-1.228e-01	0.09	9.07e-07
3_12217797_C_T	-1.188e-01	0.06	9.13e-07
11_92717405_C_A	5.857e-02	0.54	9.24e-07
3_12027240_T_C	-1.184e-01	0.06	9.35e-07
2_227129555_T_C	5.779e-02	0.45	9.43e-07
3_12285405_G_A	-1.181e-01	0.05	9.65e-07
10_114797471_C_G	-1.027e-01	0.11	9.76e-07
2_43597142_C_T	-1.386e-01	0.08	9.79e-07
18_57751960_T_C	6.471e-02	0.25	9.96e-07
10_80961519_T_C	5.911e-02	0.46	1.01e-06
15_91566862_C_T	5.969e-02	0.40	1.03e-06
18_57793209_C_T	5.959e-02	0.34	1.03e-06
2_227038818_T_C	-5.829e-02	0.49	1.05e-06
2_227036603_A_C	-5.887e-02	0.49	1.07e-06
3_12275447_G_A	-1.172e-01	0.05	1.07e-06
11_2737905_A_G	5.983e-02	0.43	1.08e-06
6_7195684_C_T	-7.156e-02	0.20	1.11e-06
15_91523036_C_T	6.600e-02	0.28	1.12e-06
11_92721319_G_A	5.779e-02	0.54	1.13e-06
2_43663848_C_T	-1.257e-01	0.09	1.15e-06
7_28172586_T_C	6.898e-02	0.22	1.16e-06
9_22128600_G_A	-6.802e-02	0.33	1.16e-06
15_91525197_C_T	6.818e-02	0.22	1.16e-06
2_43673765_C_T	-1.277e-01	0.09	1.17e-06
2_43719691_C_A	-1.263e-01	0.09	1.17e-06
4_6324647_G_A	6.768e-02	0.48	1.17e-06
7_28172183_A_G	6.766e-02	0.21	1.18e-06
6_31134888_T_C	6.406e-02	0.71	1.19e-06
11_2825279_C_T	-1.361e-01	0.05	1.19e-06
2_43673273_C_A	-1.187e-01	0.10	1.2e-06
4_6320515_C_T	7.211e-02	0.62	1.2e-06
7_14874799_A_G	9.194e-02	0.10	1.22e-06
2_43664007_C_T	-1.255e-01	0.09	1.23e-06
19_19336608_C_T	8.865e-02	0.10	1.24e-06
15_91527451_T_A	7.787e-02	0.20	1.26e-06
18_57852587_T_C	6.481e-02	0.24	1.27e-06
19_46157463_G_A	9.170e-02	0.11	1.27e-06
2_227174983_A_C	5.540e-02	0.45	1.28e-06
4_6271150_C_G	7.556e-02	0.60	1.28e-06
15_91530158_T_C	6.558e-02	0.27	1.28e-06
3_12413339_T_G	-8.900e-02	0.11	1.3e-06
6_20613216_A_G	1.367e-01	0.06	1.31e-06
19_19578743_A_G	1.245e-01	0.08	1.32e-06
16_53797565_A_G	6.730e-02	0.69	1.33e-06
7_15055616_G_A	-5.566e-02	0.46	1.34e-06
10_94379223_G_A	-7.475e-02	0.38	1.34e-06
2_43673892_G_A	-1.249e-01	0.09	1.35e-06
3_185473132_C_T	8.264e-02	0.18	1.39e-06
7_28179396_C_T	-5.618e-02	0.62	1.39e-06
3_187740523_T_C	6.311e-02	0.61	1.4e-06
6_20534974_T_C	1.500e-01	0.06	1.43e-06
18_57739072_C_T	6.488e-02	0.26	1.43e-06
2_43673978_A_G	-1.249e-01	0.09	1.44e-06
4_103988899_G_T	-6.154e-02	0.43	1.44e-06
2_43671157_C_T	-1.249e-01	0.09	1.47e-06
2_165557318_C_T	-5.789e-02	0.40	1.48e-06
11_2710822_T_C	5.851e-02	0.52	1.49e-06
11_92718163_A_G	5.735e-02	0.54	1.49e-06
3_123054355_C_T	-1.448e-01	0.06	1.51e-06
7_15059272_A_C	5.720e-02	0.47	1.53e-06
8_118215737_C_G	-8.496e-02	0.81	1.53e-06
10_94430525_A_G	8.157e-02	0.46	1.53e-06
12_121416650_A_C	6.173e-02	0.33	1.54e-06
2_227098387_A_G	5.800e-02	0.47	1.55e-06
2_165508300_T_C	-5.797e-02	0.39	1.57e-06
11_2717680_C_T	5.987e-02	0.31	1.57e-06
2_43603367_C_G	-1.374e-01	0.08	1.58e-06
6_20540617_A_G	1.355e-01	0.06	1.62e-06
12_71432168_G_T	-6.495e-02	0.67	1.65e-06
2_227019461_C_T	-6.861e-02	0.23	1.66e-06
2_43528057_C_A	-1.342e-01	0.08	1.67e-06
2_43575195_C_T	-1.196e-01	0.10	1.67e-06
15_91530820_A_G	6.495e-02	0.27	1.67e-06
6_20647962_T_A	-5.557e-02	0.43	1.68e-06
2_43591676_C_T	-1.392e-01	0.08	1.69e-06
2_27748597_C_A	7.717e-02	0.57	1.77e-06
11_72455885_C_T	-9.273e-02	0.17	1.77e-06
2_165540800_T_C	-8.864e-02	0.15	1.78e-06
6_20678544_C_G	2.321e-01	0.06	1.78e-06
2_43699399_T_C	-1.391e-01	0.08	1.84e-06
5_55860866_G_T	7.554e-02	0.18	1.84e-06
7_15048814_T_C	5.659e-02	0.49	1.87e-06
2_43653499_C_A	-1.232e-01	0.09	1.9e-06
19_46172278_G_A	9.659e-02	0.09	1.91e-06
7_15048611_T_G	-5.750e-02	0.45	1.95e-06
8_126518027_T_C	5.890e-02	0.32	1.96e-06
12_121197124_C_T	-6.977e-02	0.19	1.97e-06
2_43650413_G_C	-1.229e-01	0.09	1.98e-06
2_43786818_G_A	-1.563e-01	0.06	1.98e-06
7_15053589_C_T	-5.470e-02	0.46	2.04e-06
15_91512067_G_A	6.602e-02	0.22	2.07e-06
18_57755117_C_T	6.594e-02	0.25	2.11e-06
10_12307894_C_T	6.774e-02	0.24	2.13e-06
2_43667465_T_C	-1.223e-01	0.09	2.14e-06
6_20584423_G_A	7.838e-02	0.35	2.15e-06
19_19819843_A_G	1.275e-01	0.05	2.17e-06
19_19671266_C_T	1.228e-01	0.08	2.22e-06
8_126516988_T_C	5.861e-02	0.32	2.24e-06
8_118221999_C_G	-8.195e-02	0.82	2.25e-06
15_62383155_T_C	-5.712e-02	0.44	2.25e-06
16_75374029_T_A	-9.829e-02	0.09	2.25e-06
11_72463435_G_A	-9.108e-02	0.17	2.26e-06
3_64715155_C_T	1.040e-01	0.58	2.27e-06
1_214157049_G_C	7.298e-02	0.62	2.29e-06
7_28178262_G_T	7.074e-02	0.21	2.3e-06
6_20539341_C_T	1.340e-01	0.06	2.33e-06
4_6316920_C_G	7.385e-02	0.66	2.36e-06
6_20559611_A_G	1.336e-01	0.06	2.38e-06
18_57869750_C_T	5.682e-02	0.34	2.42e-06
2_43561985_A_G	-1.167e-01	0.10	2.43e-06
6_7240577_A_T	5.870e-02	0.36	2.44e-06
6_20579947_C_T	7.094e-02	0.34	2.45e-06
18_58052665_C_T	-1.545e-01	0.03	2.45e-06
20_39832628_T_C	7.129e-02	0.20	2.47e-06
18_57884551_G_A	5.495e-02	0.39	2.49e-06
2_43845329_A_T	-8.504e-02	0.11	2.55e-06
7_15047637_A_G	5.410e-02	0.55	2.55e-06
6_20574563_A_G	1.346e-01	0.06	2.57e-06
18_57870179_A_G	5.651e-02	0.34	2.59e-06
2_43726328_T_C	-1.215e-01	0.09	2.6e-06
8_41516581_A_G	6.462e-02	0.58	2.65e-06
8_118185041_C_T	-7.163e-02	0.60	2.7e-06
3_64605119_A_G	6.002e-02	0.30	2.72e-06
19_19789528_A_G	1.031e-01	0.08	2.72e-06
5_76425060_G_C	-8.134e-02	0.69	2.73e-06
10_94216510_T_C	-7.234e-02	0.38	2.73e-06
2_60579624_C_T	-5.406e-02	0.46	2.75e-06
4_6304799_G_C	7.529e-02	0.58	2.76e-06
6_32404377_A_C	8.098e-02	0.87	2.78e-06
1_214147889_T_C	-5.598e-02	0.48	2.79e-06
5_55861786_C_T	7.273e-02	0.18	2.82e-06
6_7317608_G_A	-6.741e-02	0.20	2.82e-06
15_77596725_C_T	6.339e-02	0.73	2.82e-06
3_12393682_A_G	-1.002e-01	0.12	2.83e-06
19_19695228_C_T	1.186e-01	0.08	2.83e-06
2_43764184_T_C	-1.208e-01	0.09	2.84e-06
12_123491572_G_A	6.435e-02	0.73	2.84e-06
6_130354855_T_C	6.085e-02	0.70	2.86e-06
11_92721787_A_C	5.577e-02	0.54	2.89e-06
10_12245520_G_A	6.529e-02	0.23	2.97e-06
3_12351521_T_G	-1.008e-01	0.12	2.99e-06
18_57851763_A_G	6.449e-02	0.24	2.99e-06
3_64707956_C_A	-8.826e-02	0.23	3.01e-06
18_57852948_A_C	6.440e-02	0.24	3.02e-06
19_19841752_C_T	1.266e-01	0.05	3.02e-06
7_28177301_C_T	6.589e-02	0.20	3.03e-06
2_43739121_C_T	-1.209e-01	0.09	3.04e-06
18_57787559_T_C	5.975e-02	0.34	3.08e-06
2_227087284_G_A	5.366e-02	0.47	3.11e-06
19_46157046_C_T	1.030e-01	0.11	3.11e-06
18_57838401_G_A	6.512e-02	0.23	3.13e-06
15_91458485_G_A	5.692e-02	0.34	3.17e-06
18_57744576_T_C	6.357e-02	0.25	3.18e-06
3_123064089_T_C	-5.378e-02	0.43	3.21e-06
11_72474004_G_T	-8.789e-02	0.19	3.22e-06
11_72501002_C_T	-8.491e-02	0.19	3.22e-06
6_7214499_C_T	-7.611e-02	0.20	3.26e-06
6_32574060_A_C	7.413e-02	0.85	3.28e-06
2_43844216_G_A	-1.085e-01	0.11	3.31e-06
18_57912785_G_A	5.721e-02	0.34	3.32e-06
2_43559087_T_C	-1.139e-01	0.11	3.34e-06
11_92713507_G_T	5.584e-02	0.56	3.44e-06
17_36090885_G_A	-6.251e-02	0.59	3.44e-06
18_57751014_T_C	6.413e-02	0.25	3.44e-06
1_51246155_C_T	-9.762e-02	0.09	3.52e-06
11_72457487_C_T	-8.972e-02	0.17	3.53e-06
7_28150689_T_C	-5.684e-02	0.65	3.56e-06
8_10730800_A_G	-5.410e-02	0.53	3.6e-06
12_123447928_T_C	5.868e-02	0.70	3.63e-06
2_227161138_A_G	5.955e-02	0.45	3.65e-06
7_28156887_C_T	6.556e-02	0.20	3.66e-06
22_30552813_A_G	-1.015e-01	0.06	3.67e-06
4_185716232_T_C	-8.194e-02	0.13	3.68e-06
6_20644494_G_A	6.561e-02	0.25	3.68e-06
2_27742603_T_C	5.751e-02	0.59	3.7e-06
4_6324246_A_G	6.913e-02	0.57	3.72e-06
18_57895059_A_G	5.568e-02	0.34	3.76e-06
11_2734125_G_A	5.792e-02	0.41	3.79e-06
6_20773560_G_A	5.492e-02	0.42	3.81e-06
10_114748940_A_T	-2.596e-01	0.02	3.89e-06
7_14898152_T_C	5.739e-02	0.32	3.97e-06
19_45422946_A_G	-1.236e-01	0.19	3.98e-06
17_3985864_G_A	6.156e-02	0.32	4.01e-06
6_20625634_A_G	-5.951e-02	0.32	4.02e-06
2_43742923_T_C	-1.184e-01	0.09	4.05e-06
2_43850220_C_T	-1.077e-01	0.11	4.06e-06
22_30343186_C_T	-9.899e-02	0.06	4.09e-06
3_123084379_G_A	-5.309e-02	0.43	4.13e-06
11_92706175_G_A	5.588e-02	0.59	4.13e-06
7_28189946_A_G	-6.055e-02	0.74	4.14e-06
2_227069522_T_C	6.726e-02	0.51	4.18e-06
3_64706499_T_C	-8.192e-02	0.27	4.2e-06
4_6295985_G_A	7.383e-02	0.66	4.27e-06
2_43763809_C_T	-1.191e-01	0.09	4.28e-06
2_60589606_T_A	-5.602e-02	0.56	4.31e-06
2_43813764_A_G	-1.071e-01	0.11	4.38e-06
3_64698813_T_C	-6.786e-02	0.22	4.38e-06
7_28170403_T_C	7.059e-02	0.21	4.38e-06
7_15050305_C_G	5.668e-02	0.48	4.4e-06
2_43810646_T_C	-1.070e-01	0.11	4.43e-06
19_19716558_C_T	1.175e-01	0.08	4.44e-06
6_126755642_T_G	5.266e-02	0.46	4.47e-06
3_12267084_G_T	-1.138e-01	0.05	4.48e-06
2_165545615_C_T	-1.046e-01	0.15	4.53e-06
3_123066010_A_G	-5.461e-02	0.43	4.53e-06
4_185714289_G_T	-7.895e-02	0.13	4.54e-06
7_28207300_G_T	-5.898e-02	0.74	4.56e-06
8_95937502_T_C	-5.436e-02	0.54	4.57e-06
10_94321973_C_G	-6.726e-02	0.46	4.64e-06
2_43848415_T_G	-1.059e-01	0.12	4.65e-06
2_227184631_C_T	5.498e-02	0.34	4.66e-06
6_20758526_C_G	-8.190e-02	0.86	4.68e-06
1_50909985_G_A	-9.473e-02	0.09	4.69e-06
18_57793589_C_A	5.767e-02	0.34	4.72e-06
2_227088577_A_C	5.925e-02	0.47	4.76e-06
2_43846675_A_C	-1.064e-01	0.11	4.79e-06
6_20768463_T_C	5.433e-02	0.42	4.81e-06
7_15059906_G_A	-5.493e-02	0.46	4.81e-06
11_17415190_C_G	-6.792e-02	0.66	4.81e-06
11_92706944_A_G	5.415e-02	0.58	4.82e-06
10_94498436_T_C	-6.033e-02	0.41	4.88e-06
2_43762885_T_G	-1.177e-01	0.09	4.91e-06
7_28202079_T_C	-5.872e-02	0.74	4.94e-06
5_55861359_G_A	7.070e-02	0.18	4.95e-06
4_6293696_C_G	7.163e-02	0.68	4.99e-06
7_15057829_G_A	-5.431e-02	0.46	5e-06
2_43764825_A_G	-1.178e-01	0.09	5.04e-06
2_227037838_A_G	-6.656e-02	0.49	5.08e-06
11_72478320_G_A	-8.436e-02	0.19	5.09e-06
2_43825436_C_G	-1.062e-01	0.11	5.1e-06
2_111950541_T_C	-5.424e-02	0.65	5.11e-06
8_9229139_T_G	8.540e-02	0.15	5.11e-06
18_57744189_A_G	6.233e-02	0.25	5.12e-06
18_57734101_G_A	7.529e-02	0.26	5.14e-06
2_43729108_T_A	-1.176e-01	0.09	5.16e-06
2_227020853_G_A	-7.051e-02	0.35	5.18e-06
4_6302220_C_G	6.838e-02	0.62	5.18e-06
2_43743491_C_T	-1.181e-01	0.09	5.23e-06
2_227177236_C_A	5.476e-02	0.45	5.27e-06
6_20629788_G_C	-5.879e-02	0.32	5.27e-06
2_43761652_C_T	-1.179e-01	0.09	5.3e-06
11_92719207_T_G	5.400e-02	0.54	5.32e-06
18_57766512_A_G	6.038e-02	0.25	5.32e-06
2_43840361_G_A	-1.122e-01	0.10	5.39e-06
8_10731066_T_A	-6.782e-02	0.53	5.42e-06
6_20756777_T_C	8.012e-02	0.14	5.46e-06
7_28212824_T_C	-5.809e-02	0.73	5.56e-06
2_43846040_A_T	-1.060e-01	0.11	5.58e-06
2_43532524_C_T	-1.080e-01	0.11	5.62e-06
6_20580196_C_A	-6.967e-02	0.36	5.66e-06
8_41519462_A_G	7.994e-02	0.79	5.74e-06
2_43838516_T_G	-1.051e-01	0.11	5.77e-06
6_20728731_T_C	6.393e-02	0.78	5.78e-06
7_44248828_G_A	7.160e-02	0.18	5.79e-06
11_17405617_C_T	-6.821e-02	0.65	5.81e-06
2_60580831_A_G	-5.487e-02	0.47	5.85e-06
4_6290594_T_C	8.064e-02	0.63	5.87e-06
7_102496061_T_G	-8.839e-02	0.13	5.87e-06
3_185510118_C_T	1.282e-01	0.24	5.89e-06
2_43844448_A_G	-1.056e-01	0.11	5.92e-06
6_7317694_A_G	-6.473e-02	0.20	5.94e-06
18_57896038_G_T	5.704e-02	0.34	5.94e-06
2_60569348_A_G	5.381e-02	0.36	6.05e-06
2_43746062_T_C	-1.167e-01	0.09	6.08e-06
11_2713649_C_A	6.794e-02	0.37	6.1e-06
3_64727086_A_T	-6.159e-02	0.21	6.13e-06
2_43624252_A_C	-1.376e-01	0.08	6.16e-06
18_57738097_G_A	5.669e-02	0.34	6.22e-06
18_57757628_G_A	5.682e-02	0.34	6.23e-06
2_43744050_G_A	-1.168e-01	0.09	6.28e-06
6_20689945_G_A	6.475e-02	0.78	6.29e-06
6_20663335_G_A	6.566e-02	0.79	6.32e-06
7_28154822_A_G	-5.535e-02	0.65	6.32e-06
3_64729712_G_A	7.535e-02	0.77	6.33e-06
19_19746151_G_T	9.614e-02	0.08	6.34e-06
5_55861894_G_A	7.065e-02	0.18	6.35e-06
7_44245363_A_G	-6.831e-02	0.42	6.38e-06
6_130349119_C_T	6.186e-02	0.77	6.4e-06
10_12323464_A_G	5.752e-02	0.30	6.44e-06
8_118234147_A_G	-5.593e-02	0.45	6.46e-06
2_165502911_G_A	-1.028e-01	0.15	6.56e-06
6_32586854_G_A	7.710e-02	0.87	6.59e-06
1_214148246_G_A	-5.469e-02	0.39	6.64e-06
3_122985413_A_G	-8.268e-02	0.18	6.72e-06
11_17409572_T_C	-6.696e-02	0.66	6.74e-06
8_118183551_G_A	-6.139e-02	0.68	6.75e-06
11_17421860_A_G	-5.509e-02	0.62	6.79e-06
19_19505087_C_T	7.868e-02	0.12	6.79e-06
7_15064255_G_T	5.448e-02	0.52	6.89e-06
2_43844803_A_G	-1.048e-01	0.10	6.94e-06
2_227092150_T_A	6.559e-02	0.47	6.95e-06
6_126759033_G_T	5.175e-02	0.46	6.95e-06
12_124561803_C_T	5.300e-02	0.59	6.96e-06
16_53769677_G_A	5.670e-02	0.61	6.96e-06
2_43843813_C_T	-1.048e-01	0.11	6.98e-06
6_20782893_A_G	5.348e-02	0.41	7.04e-06
16_53769293_G_A	5.483e-02	0.61	7.08e-06
2_43835952_A_T	-1.048e-01	0.11	7.13e-06
2_67593803_C_T	-7.137e-02	0.63	7.13e-06
3_123057967_C_T	-1.340e-01	0.06	7.17e-06
11_2826603_A_G	-7.089e-02	0.17	7.2e-06
2_43685625_C_T	-1.343e-01	0.09	7.24e-06
2_43828637_C_A	-1.108e-01	0.10	7.26e-06
8_10691549_T_A	-5.486e-02	0.55	7.32e-06
11_17421886_T_C	-6.747e-02	0.67	7.34e-06
19_19713069_A_T	1.224e-01	0.08	7.43e-06
1_51266523_G_A	-9.748e-02	0.09	7.51e-06
2_43746094_C_T	-1.163e-01	0.09	7.55e-06
16_75252327_G_A	-1.210e-01	0.08	7.57e-06
2_43839090_T_G	-1.041e-01	0.11	7.58e-06
8_118195570_G_A	-6.832e-02	0.59	7.61e-06
4_6325086_G_A	6.983e-02	0.56	7.65e-06
4_6292643_G_C	6.793e-02	0.61	7.66e-06
22_30237706_G_A	-1.089e-01	0.06	7.68e-06
18_57798110_C_T	5.640e-02	0.34	7.69e-06
2_43831186_G_C	-1.045e-01	0.11	7.72e-06
8_118202372_C_T	-7.570e-02	0.82	7.73e-06
10_12255175_G_C	6.155e-02	0.28	7.78e-06
2_43469615_G_A	-1.254e-01	0.08	7.81e-06
6_20753887_G_A	-5.300e-02	0.59	7.89e-06
4_6316350_G_A	7.296e-02	0.56	7.96e-06
6_20627777_C_T	-5.771e-02	0.32	7.96e-06
9_22052734_T_C	6.973e-02	0.59	8.01e-06
4_6278647_A_G	7.001e-02	0.85	8.02e-06
2_60579988_C_T	-5.319e-02	0.46	8.08e-06
6_43811762_C_T	5.660e-02	0.29	8.11e-06
8_118218521_A_G	-7.608e-02	0.82	8.15e-06
11_92725321_A_G	5.311e-02	0.54	8.19e-06
10_94325511_C_T	-6.551e-02	0.46	8.24e-06
5_53272664_G_A	5.741e-02	0.71	8.29e-06
4_6327771_T_C	6.720e-02	0.58	8.35e-06
15_91463842_G_A	5.461e-02	0.34	8.43e-06
18_57904207_G_A	5.520e-02	0.34	8.43e-06
6_20756444_G_A	-1.075e-01	0.12	8.44e-06
5_53271420_G_A	5.560e-02	0.71	8.48e-06
18_57904011_G_A	5.518e-02	0.34	8.48e-06
12_71618203_C_T	-5.875e-02	0.72	8.52e-06
2_165554302_C_T	-1.020e-01	0.15	8.53e-06
10_94271176_T_C	7.807e-02	0.24	8.6e-06
18_57791081_G_T	5.605e-02	0.34	8.6e-06
12_66166746_T_A	1.669e-01	0.04	8.61e-06
18_57894123_T_G	5.570e-02	0.34	8.61e-06
1_65983626_C_T	9.131e-02	0.08	8.75e-06
10_12250861_A_G	-6.272e-02	0.75	8.79e-06
2_43613582_C_G	-1.267e-01	0.08	8.81e-06
18_57797485_T_C	6.081e-02	0.25	8.86e-06
7_15042959_C_T	-5.303e-02	0.48	9.09e-06
8_118182924_A_C	-7.110e-02	0.80	9.11e-06
12_93977591_A_G	6.080e-02	0.22	9.24e-06
4_6325018_A_T	6.610e-02	0.56	9.28e-06
4_6328507_A_G	6.758e-02	0.61	9.28e-06
15_91527152_A_G	6.718e-02	0.20	9.3e-06
18_57781188_A_G	5.574e-02	0.34	9.35e-06
6_20810101_T_C	-1.059e-01	0.12	9.41e-06
8_118198071_C_T	-7.336e-02	0.81	9.41e-06
22_30475154_G_A	-9.825e-02	0.06	9.49e-06
18_57756055_C_T	6.056e-02	0.25	9.5e-06
3_185548683_G_A	5.292e-02	0.35	9.51e-06
8_10656437_T_C	-5.551e-02	0.61	9.52e-06
2_165619163_T_G	-5.195e-02	0.62	9.53e-06
10_114612972_C_T	5.852e-02	0.76	9.53e-06
18_57901137_G_A	5.498e-02	0.33	9.59e-06
12_93978504_G_T	6.070e-02	0.22	9.65e-06
15_91548601_G_A	7.413e-02	0.14	9.7e-06
9_4282942_T_G	-5.115e-02	0.55	9.78e-06
7_15051643_G_A	5.744e-02	0.48	9.82e-06
11_92701596_T_C	5.377e-02	0.51	9.87e-06
16_81534790_T_C	-5.732e-02	0.70	9.87e-06
19_19574277_G_C	6.728e-02	0.16	9.89e-06
4_6323454_A_C	5.873e-02	0.35	9.93e-06
2_43833039_G_A	-1.031e-01	0.11	9.95e-06
18_57757978_A_G	6.050e-02	0.25	9.99e-06
6_20766103_C_T	5.246e-02	0.42	1e-05
8_118222703_T_C	-7.594e-02	0.82	1e-05
17_3984117_C_T	5.408e-02	0.32	1e-05
4_6293855_C_T	8.380e-02	0.61	1.02e-05
6_32341473_T_C	5.912e-02	0.27	1.02e-05
7_15040241_T_C	-5.264e-02	0.49	1.03e-05
7_44235668_G_A	7.314e-02	0.18	1.03e-05
5_102100576_C_T	1.262e-01	0.03	1.04e-05
7_15049604_T_C	-5.246e-02	0.46	1.04e-05
10_94418425_G_A	-6.416e-02	0.54	1.05e-05
13_33554302_G_A	-7.491e-02	0.85	1.05e-05
7_28185091_A_G	-5.544e-02	0.75	1.06e-05
7_28189083_T_G	-5.761e-02	0.74	1.06e-05
18_57735945_T_C	7.238e-02	0.26	1.06e-05
17_36103872_C_G	-7.012e-02	0.62	1.07e-05
18_58040624_G_A	-1.443e-01	0.02	1.07e-05
11_92672801_G_A	6.495e-02	0.40	1.08e-05
12_93983554_C_T	5.960e-02	0.26	1.08e-05
15_91561182_C_T	7.781e-02	0.14	1.08e-05
3_64705181_A_G	-7.342e-02	0.22	1.09e-05
4_103960768_T_C	-5.225e-02	0.49	1.09e-05
7_15053878_G_C	-5.117e-02	0.45	1.09e-05
7_15064984_G_A	5.119e-02	0.52	1.09e-05
18_57872449_A_T	5.456e-02	0.34	1.09e-05
6_20781621_G_A	-1.075e-01	0.12	1.11e-05
10_94324728_T_C	7.704e-02	0.24	1.11e-05
15_91462406_A_G	5.204e-02	0.34	1.11e-05
12_71634112_T_C	-5.814e-02	0.72	1.12e-05
7_14862102_T_C	7.912e-02	0.18	1.13e-05
7_44229068_C_T	6.942e-02	0.18	1.13e-05
18_57736270_G_A	7.216e-02	0.26	1.13e-05
18_57739179_T_G	5.607e-02	0.34	1.13e-05
19_19727152_A_G	1.111e-01	0.08	1.13e-05
7_15039499_A_T	-5.074e-02	0.51	1.14e-05
10_94416229_T_G	-6.387e-02	0.53	1.15e-05
15_91531352_C_A	6.764e-02	0.20	1.15e-05
8_10633159_A_C	-5.454e-02	0.62	1.16e-05
7_15065003_T_C	5.046e-02	0.52	1.17e-05
3_123066485_G_T	5.334e-02	0.56	1.18e-05
4_6324803_T_C	6.529e-02	0.56	1.21e-05
9_4295583_A_G	-5.304e-02	0.54	1.21e-05
18_57897803_T_C	7.157e-02	0.25	1.22e-05
11_2690293_A_C	5.508e-02	0.36	1.23e-05
15_91450441_G_A	5.152e-02	0.35	1.23e-05
15_91530675_G_A	6.626e-02	0.20	1.23e-05
18_57729069_C_T	-5.109e-02	0.56	1.23e-05
18_57861663_T_C	6.961e-02	0.25	1.23e-05
11_72429579_G_A	-8.475e-02	0.16	1.24e-05
19_19539891_T_C	7.661e-02	0.12	1.24e-05
2_43652398_A_C	-1.157e-01	0.09	1.25e-05
12_123593382_C_T	-6.943e-02	0.20	1.26e-05
3_64725485_G_A	7.272e-02	0.77	1.27e-05
9_4290823_A_T	5.304e-02	0.44	1.27e-05
7_28145031_T_C	-5.167e-02	0.63	1.28e-05
2_43806353_C_T	-1.010e-01	0.11	1.29e-05
11_2705343_A_T	5.574e-02	0.30	1.29e-05
1_120517959_G_T	7.941e-02	0.11	1.3e-05
3_64704322_G_A	-7.274e-02	0.22	1.3e-05
7_44231886_T_C	7.108e-02	0.18	1.3e-05
18_57728947_T_C	-5.021e-02	0.56	1.32e-05
1_51193984_A_G	-9.459e-02	0.09	1.34e-05
2_43805739_C_T	-1.022e-01	0.11	1.34e-05
5_55816888_T_C	6.392e-02	0.78	1.35e-05
6_7250270_G_A	-6.604e-02	0.18	1.35e-05
12_121402932_C_T	-5.944e-02	0.24	1.35e-05
12_123799974_A_G,T	5.616e-02	0.71	1.35e-05
2_227018870_T_A	5.436e-02	0.31	1.36e-05
6_32413051_A_G	7.739e-02	0.87	1.36e-05
6_20630953_G_T	7.136e-02	0.20	1.37e-05
1_214145389_T_C	5.375e-02	0.61	1.38e-05
7_28152675_C_T	-5.305e-02	0.63	1.38e-05
6_20750714_T_C	-5.252e-02	0.59	1.39e-05
15_91523713_C_G	6.389e-02	0.20	1.4e-05
18_57758635_A_G	5.492e-02	0.34	1.4e-05
6_32586019_A_G	1.013e-01	0.87	1.42e-05
2_43843991_T_G	-1.027e-01	0.11	1.43e-05
2_165552942_G_T	-5.443e-02	0.38	1.43e-05
1_120446063_T_C	8.051e-02	0.11	1.45e-05
6_32401079_A_G	7.612e-02	0.87	1.45e-05
6_20733108_T_G	8.809e-02	0.12	1.49e-05
12_26463082_C_T	-5.842e-02	0.76	1.49e-05
12_93976954_A_G	6.130e-02	0.22	1.49e-05
7_14874381_C_T	5.460e-02	0.32	1.5e-05
11_72401101_T_C	-5.588e-02	0.33	1.5e-05
2_227016262_T_G	-7.764e-02	0.21	1.51e-05
7_15065467_C_T	4.994e-02	0.51	1.51e-05
11_92718127_G_C	5.378e-02	0.54	1.52e-05
12_121388962_A_C	-5.282e-02	0.64	1.52e-05
8_10611708_A_C	-5.395e-02	0.61	1.53e-05
11_17411821_C_T	-6.428e-02	0.67	1.56e-05
11_72428172_A_G	-8.253e-02	0.16	1.56e-05
1_51173603_C_T	-9.719e-02	0.09	1.57e-05
2_165543199_A_G	-6.602e-02	0.24	1.57e-05
11_72449249_T_C	-5.155e-02	0.49	1.57e-05
15_91457220_G_C	5.274e-02	0.39	1.57e-05
6_31132085_T_C	8.075e-02	0.89	1.58e-05
8_10628947_T_C	-5.243e-02	0.57	1.58e-05
9_22130974_A_T	-1.803e-01	0.03	1.58e-05
10_94336963_G_A	-6.289e-02	0.53	1.59e-05
15_91528070_C_G	7.195e-02	0.14	1.59e-05
2_227065811_C_T	6.387e-02	0.51	1.6e-05
6_20565384_A_T	9.128e-02	0.17	1.6e-05
2_227014441_A_G	-7.831e-02	0.21	1.61e-05
7_15044103_C_T	-5.171e-02	0.45	1.61e-05
14_91928286_C_T	-5.518e-02	0.31	1.61e-05
18_57735552_G_T	7.097e-02	0.26	1.61e-05
7_15045619_T_C	5.147e-02	0.53	1.62e-05
8_10649328_T_C	-5.138e-02	0.61	1.62e-05
6_20617520_G_T	8.823e-02	0.10	1.63e-05
4_89742179_C_T	5.208e-02	0.44	1.64e-05
6_21030153_G_A	6.848e-02	0.19	1.64e-05
8_41517064_T_C	1.428e-01	0.04	1.64e-05
12_123791227_C_T	5.333e-02	0.67	1.65e-05
6_126771143_C_T	5.104e-02	0.46	1.66e-05
8_10655505_A_G	-5.288e-02	0.61	1.66e-05
8_10677601_G_C	-5.356e-02	0.60	1.66e-05
18_57901950_T_G	5.353e-02	0.33	1.66e-05
10_94319332_T_C	7.544e-02	0.24	1.67e-05
19_46148386_C_T	5.825e-02	0.28	1.67e-05
11_2836085_A_G	-1.383e-01	0.07	1.68e-05
12_124575977_G_A	5.165e-02	0.59	1.68e-05
1_51506886_A_G	-9.321e-02	0.08	1.69e-05
10_114797078_A_G	-2.455e-01	0.02	1.69e-05
2_60568691_T_C	5.291e-02	0.36	1.7e-05
7_28234599_A_G	-6.953e-02	0.87	1.7e-05
10_94272864_C_T	7.529e-02	0.24	1.71e-05
12_26473350_G_A	5.840e-02	0.23	1.71e-05
18_57872361_T_G	5.498e-02	0.39	1.71e-05
3_64717575_C_A	-7.189e-02	0.22	1.72e-05
3_123064831_C_T	4.962e-02	0.56	1.73e-05
7_102440184_T_C	-5.425e-02	0.43	1.75e-05
7_28144801_C_A	-5.083e-02	0.63	1.76e-05
11_2723604_G_T	5.207e-02	0.37	1.77e-05
6_32410987_A_G	7.643e-02	0.87	1.79e-05
1_120496127_A_C	8.029e-02	0.11	1.8e-05
18_57901782_C_T	5.326e-02	0.33	1.8e-05
8_10668634_A_G	-5.112e-02	0.61	1.81e-05
10_114880342_T_C	6.130e-02	0.23	1.81e-05
16_55401096_G_A	6.055e-02	0.24	1.82e-05
18_57811982_G_A	6.149e-02	0.21	1.82e-05
2_227012855_C_A	-7.689e-02	0.21	1.83e-05
3_123068286_C_T	4.928e-02	0.56	1.83e-05
18_57883125_G_A	5.287e-02	0.39	1.83e-05
10_114818042_C_T	-2.435e-01	0.02	1.84e-05
12_121405126_C_A	-5.096e-02	0.64	1.84e-05
13_54927273_T_C	2.277e-01	0.01	1.84e-05
1_120471224_A_G	7.988e-02	0.11	1.85e-05
15_91536627_A_G	6.666e-02	0.34	1.85e-05
3_123079159_A_T	4.937e-02	0.56	1.86e-05
8_10679842_G_C	-5.271e-02	0.61	1.86e-05
4_89726283_A_C	5.235e-02	0.50	1.87e-05
13_26781528_G_A	-5.896e-02	0.23	1.88e-05
18_57903086_G_T	5.373e-02	0.34	1.88e-05
6_16032433_G_A	-4.904e-02	0.46	1.89e-05
7_15054232_A_G	-5.325e-02	0.46	1.89e-05
8_10675188_T_C	-5.284e-02	0.61	1.89e-05
8_10687121_A_G	-5.268e-02	0.61	1.89e-05
7_14873391_G_C	5.323e-02	0.33	1.9e-05
19_19665581_G_A	8.807e-02	0.12	1.9e-05
1_120461253_C_T	7.838e-02	0.11	1.91e-05
6_20821841_G_C	-1.033e-01	0.12	1.91e-05
7_44245060_T_C	8.655e-02	0.18	1.91e-05
2_227016984_A_G	-7.674e-02	0.21	1.92e-05
3_123068109_C_T	-5.071e-02	0.44	1.92e-05
6_126829981_G_A	5.129e-02	0.45	1.92e-05
8_10670801_A_C	-5.261e-02	0.61	1.92e-05
20_39743905_G_A	6.840e-02	0.18	1.92e-05
8_10691993_A_G	-5.193e-02	0.55	1.93e-05
7_44247258_C_T	-5.308e-02	0.42	1.95e-05
8_10692158_C_T	-5.182e-02	0.55	1.98e-05
6_31524851_C_T	6.231e-02	0.80	1.99e-05
8_10712945_G_T	-5.122e-02	0.59	1.99e-05
6_20643727_G_A	6.226e-02	0.80	2.02e-05
10_94333955_A_G	7.597e-02	0.24	2.02e-05
7_14872177_G_A	5.298e-02	0.33	2.05e-05
7_44232833_G_A	8.623e-02	0.18	2.05e-05
6_16043585_C_A	-4.886e-02	0.47	2.12e-05
12_124568456_C_T	5.099e-02	0.59	2.12e-05
3_123137791_A_C	-9.204e-02	0.17	2.13e-05
8_95960511_T_C	-5.047e-02	0.54	2.13e-05
15_91456102_T_C	5.524e-02	0.27	2.13e-05
1_120440029_T_C	7.734e-02	0.11	2.14e-05
3_12335816_C_A	-5.642e-02	0.27	2.14e-05
3_123082416_A_G	5.063e-02	0.56	2.14e-05
2_27730940_T_C	7.233e-02	0.59	2.15e-05
6_31139452_T_C	5.697e-02	0.66	2.16e-05
8_10700266_T_G	-5.233e-02	0.61	2.19e-05
19_19456917_C_T	1.050e-01	0.09	2.19e-05
2_165532454_A_G	-6.583e-02	0.38	2.21e-05
8_10670550_T_C	-5.062e-02	0.61	2.21e-05
6_20743501_C_A	8.685e-02	0.12	2.22e-05
7_44223942_G_A	6.707e-02	0.18	2.22e-05
18_57745744_T_C	5.063e-02	0.38	2.22e-05
1_120443540_C_T	7.714e-02	0.11	2.24e-05
7_15041076_A_T	-5.063e-02	0.47	2.25e-05
2_165555207_G_A	-5.320e-02	0.38	2.26e-05
9_23316365_C_T	5.973e-02	0.74	2.26e-05
15_77884026_G_A	-5.128e-02	0.65	2.27e-05
20_33078103_C_T	4.853e-02	0.53	2.27e-05
9_22133251_G_A	5.467e-02	0.59	2.28e-05
1_120451190_T_C	7.754e-02	0.11	2.29e-05
2_165544450_G_A	-6.468e-02	0.39	2.31e-05
1_120516618_C_T	7.802e-02	0.11	2.32e-05
8_9237403_G_T	-5.059e-02	0.58	2.33e-05
12_66233124_A_G	1.707e-01	0.03	2.33e-05
4_6320517_T_A	7.328e-02	0.61	2.35e-05
8_10731271_G_A	-5.078e-02	0.47	2.35e-05
20_33008905_T_C	-4.951e-02	0.47	2.35e-05
6_130398731_C_T	-5.812e-02	0.24	2.37e-05
18_57869190_G_A	5.113e-02	0.39	2.37e-05
19_19717056_A_G	1.277e-01	0.07	2.37e-05
9_22027402_G_A	-6.303e-02	0.41	2.4e-05
11_2852529_T_C	-5.751e-02	0.26	2.42e-05
2_43578246_C_A	-6.461e-02	0.16	2.43e-05
2_227012623_T_C	-7.572e-02	0.21	2.44e-05
15_91513157_T_A	8.685e-02	0.15	2.44e-05
9_22064465_A_G	5.274e-02	0.70	2.45e-05
19_46206425_T_C	7.739e-02	0.11	2.47e-05
1_229681006_C_T	7.086e-02	0.14	2.48e-05
2_43521167_G_A	-6.802e-02	0.14	2.48e-05
2_60636614_C_A	-5.568e-02	0.30	2.48e-05
1_120439109_G_C	8.090e-02	0.11	2.49e-05
7_15054063_T_C	-5.095e-02	0.46	2.5e-05
12_71656547_T_C	-5.025e-02	0.63	2.51e-05
18_57739840_G_T	6.948e-02	0.27	2.51e-05
6_20533269_T_C	8.951e-02	0.16	2.54e-05
2_227129473_T_A	6.452e-02	0.45	2.55e-05
1_120437884_A_G	7.669e-02	0.11	2.56e-05
17_65647063_A_G	8.033e-02	0.10	2.57e-05
10_94217038_G_A	6.952e-02	0.29	2.58e-05
11_2727185_C_T	6.234e-02	0.43	2.58e-05
2_60597565_G_A	-5.397e-02	0.33	2.59e-05
20_39889730_G_A	6.583e-02	0.18	2.59e-05
6_20728513_C_T	-4.904e-02	0.61	2.61e-05
15_91543761_C_T	5.107e-02	0.42	2.61e-05
1_120455586_T_C	7.695e-02	0.11	2.62e-05
10_94331139_T_C	5.112e-02	0.37	2.62e-05
6_20538523_A_G	8.908e-02	0.16	2.63e-05
10_94331341_G_A	5.108e-02	0.37	2.63e-05
1_120474178_C_T	7.763e-02	0.11	2.64e-05
19_46159414_G_C	6.029e-02	0.28	2.64e-05
19_19406869_T_C	8.838e-02	0.12	2.65e-05
1_120480709_C_T	7.778e-02	0.11	2.66e-05
7_44223721_G_A	6.871e-02	0.18	2.66e-05
2_43756201_G_C	-1.086e-01	0.09	2.68e-05
8_146003567_A_G	-6.515e-02	0.45	2.69e-05
7_15054370_T_C	-5.036e-02	0.48	2.7e-05
7_44245853_A_T	6.848e-02	0.18	2.71e-05
8_10594474_C_A	-5.002e-02	0.60	2.71e-05
1_120526982_C_T	7.729e-02	0.11	2.73e-05
15_91503049_A_G	6.890e-02	0.26	2.73e-05
20_32998654_T_C	-4.807e-02	0.48	2.73e-05
18_57884616_T_C	6.907e-02	0.25	2.74e-05
6_20916326_G_A	1.040e-01	0.09	2.75e-05
11_2721568_T_C	6.426e-02	0.31	2.75e-05
2_227185749_T_C	-6.164e-02	0.45	2.77e-05
11_2846427_G_A	-5.864e-02	0.23	2.77e-05
2_43490864_C_T	-1.006e-01	0.11	2.79e-05
20_39734003_C_A	6.828e-02	0.17	2.8e-05
9_22134172_C_T	5.183e-02	0.43	2.81e-05
1_219660535_A_G	4.963e-02	0.64	2.84e-05
4_6329107_A_G	6.554e-02	0.63	2.84e-05
1_120496119_A_T	7.695e-02	0.11	2.85e-05
12_121359586_G_A	5.191e-02	0.37	2.85e-05
6_21030811_A_T	6.757e-02	0.19	2.86e-05
12_123727443_G_A	5.319e-02	0.66	2.87e-05
7_14870669_G_A	5.050e-02	0.32	2.88e-05
15_77867682_G_A	-6.451e-02	0.21	2.92e-05
6_32336187_T_C	6.732e-02	0.86	2.93e-05
16_55401333_T_C	5.856e-02	0.25	2.94e-05
6_126752874_C_T	5.033e-02	0.46	2.95e-05
19_46163796_A_C	6.569e-02	0.28	2.95e-05
16_300641_G_A	-6.504e-02	0.16	2.98e-05
1_120513548_C_T	7.901e-02	0.11	2.99e-05
7_15064309_G_T	4.957e-02	0.51	2.99e-05
11_2706327_G_C	5.089e-02	0.53	2.99e-05
4_6292716_G_C	8.550e-02	0.63	3e-05
18_57882717_T_C	6.883e-02	0.25	3.01e-05
9_22026594_G_A	-6.310e-02	0.41	3.03e-05
12_121298993_T_A	-6.917e-02	0.50	3.03e-05
3_123052990_C_G	4.937e-02	0.57	3.04e-05
3_123072883_A_C	-5.278e-02	0.44	3.05e-05
10_94290484_A_C	5.068e-02	0.35	3.05e-05
8_10729177_G_T	-5.089e-02	0.47	3.06e-05
15_62415429_T_C	-4.874e-02	0.55	3.07e-05
15_91512267_G_T	6.756e-02	0.15	3.07e-05
7_14908240_C_T	5.210e-02	0.32	3.08e-05
20_39806772_A_G	6.502e-02	0.18	3.1e-05
7_15016942_C_A	5.095e-02	0.42	3.14e-05
12_26470850_T_A	5.697e-02	0.23	3.14e-05
2_43532611_C_T	-6.840e-02	0.15	3.2e-05
7_44234737_C_T	8.431e-02	0.18	3.25e-05
3_64736577_G_A	4.799e-02	0.48	3.27e-05
5_112927686_C_A	-6.123e-02	0.20	3.31e-05
6_20611051_C_G	1.014e-01	0.10	3.31e-05
10_94335799_A_G	-6.161e-02	0.47	3.35e-05
1_120471857_C_T	7.661e-02	0.11	3.36e-05
8_10726842_C_G	-5.486e-02	0.60	3.36e-05
12_123736084_G_T	-5.516e-02	0.35	3.37e-05
20_39714228_A_G	6.513e-02	0.17	3.37e-05
2_43825299_G_C	-1.163e-01	0.08	3.4e-05
2_60590269_C_T	-4.938e-02	0.38	3.43e-05
2_43537892_T_C	-1.014e-01	0.11	3.44e-05
7_44259706_G_A	-7.122e-02	0.42	3.45e-05
2_165526587_G_C	-5.302e-02	0.37	3.46e-05
19_19531910_A_G	7.369e-02	0.13	3.46e-05
7_44219074_T_C	4.770e-02	0.54	3.48e-05
11_92689350_A_G	6.286e-02	0.34	3.49e-05
7_15053827_A_T	-5.151e-02	0.46	3.5e-05
12_124583446_G_A	4.973e-02	0.40	3.51e-05
18_57898199_C_T	5.000e-02	0.39	3.52e-05
1_219669226_T_C	4.937e-02	0.64	3.53e-05
7_15041873_G_A	-5.143e-02	0.47	3.55e-05
12_66343810_C_T	4.785e-02	0.53	3.56e-05
1_120456563_G_T	7.361e-02	0.11	3.57e-05
9_22018781_T_A	4.791e-02	0.47	3.57e-05
3_12340267_C_A	-5.489e-02	0.27	3.59e-05
6_20758704_A_G	4.751e-02	0.42	3.63e-05
7_28188046_C_A	8.644e-02	0.12	3.63e-05
6_20758347_A_G	4.751e-02	0.41	3.66e-05
18_57892549_T_C	6.804e-02	0.25	3.68e-05
20_32994715_A_G	-4.902e-02	0.47	3.68e-05
18_57777991_C_G	5.241e-02	0.34	3.69e-05
6_20736186_C_T	8.460e-02	0.12	3.72e-05
8_41506380_A_G	5.151e-02	0.59	3.72e-05
1_120495506_T_C	7.580e-02	0.11	3.73e-05
6_20954580_C_T	-9.733e-02	0.11	3.73e-05
12_121416988_A_G	5.175e-02	0.34	3.73e-05
18_57859066_A_G	4.998e-02	0.39	3.73e-05
18_57867526_A_G	6.785e-02	0.26	3.74e-05
8_118183587_A_G	-7.216e-02	0.80	3.76e-05
12_26472562_A_G	-5.550e-02	0.76	3.79e-05
6_20938921_G_A	1.006e-01	0.07	3.84e-05
7_140612163_A_T	7.103e-02	0.14	3.85e-05
7_44240407_C_T	8.338e-02	0.18	3.88e-05
11_72429141_G_A	-5.004e-02	0.38	3.89e-05
18_57885413_A_G	6.781e-02	0.25	3.89e-05
6_25472490_A_G	-7.571e-02	0.22	3.93e-05
12_121442199_T_A	-5.138e-02	0.32	3.94e-05
18_57758855_G_A	6.358e-02	0.34	3.94e-05
2_60585028_A_G	6.038e-02	0.47	3.98e-05
5_176726635_G_A	-5.818e-02	0.17	3.98e-05
20_33793159_C_A	5.335e-02	0.29	4e-05
2_43531304_G_A	-1.005e-01	0.11	4.01e-05
2_43739184_T_G	-1.085e-01	0.09	4.03e-05
12_123616514_A_G	5.961e-02	0.77	4.03e-05
2_161346447_A_G	-4.780e-02	0.53	4.06e-05
9_22132576_C_T	-1.546e-01	0.06	4.07e-05
11_72649396_A_T	-7.288e-02	0.20	4.1e-05
11_17368381_T_A	5.079e-02	0.40	4.15e-05
18_57750897_T_C	6.880e-02	0.25	4.15e-05
8_10671272_G_A	-5.052e-02	0.56	4.17e-05
17_36108231_T_C	-6.241e-02	0.34	4.18e-05
10_94444856_G_A	-6.816e-02	0.27	4.22e-05
5_133864599_G_A	4.789e-02	0.43	4.24e-05
6_43815364_G_A	-5.352e-02	0.71	4.24e-05
4_185708595_A_G	6.394e-02	0.85	4.27e-05
16_89630311_G_A	6.303e-02	0.16	4.28e-05
6_20641105_G_A	7.645e-02	0.20	4.3e-05
8_10594843_T_C	-4.880e-02	0.60	4.33e-05
7_28216196_C_T	-8.542e-02	0.88	4.36e-05
20_33409350_G_A	4.843e-02	0.44	4.38e-05
6_20979581_C_G	7.819e-02	0.12	4.39e-05
6_31914935_A_G	6.506e-02	0.84	4.39e-05
7_39057741_G_A	-4.724e-02	0.47	4.39e-05
17_36096478_C_T	-5.998e-02	0.47	4.4e-05
9_22028801_A_G	4.706e-02	0.50	4.41e-05
10_12297230_C_T	-6.315e-02	0.80	4.41e-05
18_57909799_T_C	6.730e-02	0.25	4.42e-05
2_43761218_T_A	-1.056e-01	0.09	4.43e-05
2_165569373_T_C	-4.844e-02	0.59	4.43e-05
6_20775412_G_A	1.043e-01	0.08	4.47e-05
2_165548569_G_A	-8.486e-02	0.15	4.48e-05
2_60562714_G_C	-4.732e-02	0.59	4.51e-05
6_20511951_A_G	2.027e-01	0.02	4.51e-05
7_28238860_A_G	-6.762e-02	0.87	4.51e-05
6_31247067_T_G	7.120e-02	0.87	4.56e-05
12_4313438_T_C	5.818e-02	0.21	4.57e-05
1_50981205_G_A	-8.909e-02	0.09	4.6e-05
2_43574242_G_T	-5.965e-02	0.17	4.61e-05
6_20539211_T_C	-5.296e-02	0.30	4.64e-05
2_165685646_G_A	-5.025e-02	0.63	4.66e-05
7_14897078_C_T	6.236e-02	0.32	4.68e-05
7_28223842_T_C	-8.520e-02	0.88	4.68e-05
6_20589727_A_G	-5.284e-02	0.31	4.7e-05
11_2840424_C_T	-5.646e-02	0.25	4.72e-05
15_91539572_T_G	6.057e-02	0.42	4.75e-05
2_60565568_T_C	5.911e-02	0.47	4.8e-05
2_227163142_T_A	6.237e-02	0.44	4.85e-05
6_31438390_A_G	5.647e-02	0.77	4.85e-05
4_6312976_G_A	6.101e-02	0.39	4.89e-05
6_20574430_G_A	8.300e-02	0.10	4.89e-05
6_32376348_G_A	7.045e-02	0.21	4.97e-05
7_28166534_G_A	-5.027e-02	0.63	5e-05
7_44200884_T_C	4.894e-02	0.54	5e-05
2_165558252_T_C	-5.609e-02	0.27	5.01e-05
3_12148393_G_A	-7.588e-02	0.12	5.03e-05
10_12289775_G_A	7.780e-02	0.20	5.06e-05
18_57732689_A_G	-6.162e-02	0.74	5.11e-05
6_20586039_A_G	-5.271e-02	0.31	5.12e-05
6_25455534_A_G	-7.498e-02	0.22	5.14e-05
9_22048683_G_A	4.824e-02	0.50	5.16e-05
8_118196803_A_G	5.067e-02	0.31	5.19e-05
11_92700287_T_C	5.965e-02	0.41	5.19e-05
6_20890381_A_G	-1.895e-01	0.03	5.21e-05
1_120489057_A_T	-7.258e-02	0.86	5.25e-05
6_20640871_T_C	5.963e-02	0.82	5.29e-05
11_2752130_A_T	5.481e-02	0.31	5.29e-05
1_120523902_T_C	7.626e-02	0.11	5.3e-05
12_26453283_A_G	5.450e-02	0.23	5.33e-05
2_43718084_G_A	-1.122e-01	0.09	5.35e-05
2_43557597_G_C	-9.922e-02	0.11	5.37e-05
7_15051943_G_C	4.806e-02	0.48	5.37e-05
6_20961671_A_T	9.810e-02	0.08	5.38e-05
11_92673572_A_G	5.965e-02	0.40	5.38e-05
7_13900731_A_G	4.702e-02	0.53	5.41e-05
15_91483257_C_G	4.865e-02	0.40	5.41e-05
4_6319089_C_G	5.930e-02	0.57	5.43e-05
18_57799449_T_A	5.092e-02	0.34	5.43e-05
6_20598507_A_C	-5.264e-02	0.31	5.44e-05
6_20638009_C_G	5.997e-02	0.18	5.44e-05
10_93943900_C_T	4.672e-02	0.60	5.48e-05
1_120506108_G_A	7.229e-02	0.11	5.53e-05
8_118185938_A_G	5.016e-02	0.37	5.57e-05
2_43768545_T_G	-9.092e-02	0.11	5.62e-05
18_57851097_T_C	6.323e-02	0.23	5.7e-05
12_26470169_G_T	5.516e-02	0.23	5.72e-05
15_91539050_C_T	5.995e-02	0.42	5.75e-05
2_43788801_G_C	-9.934e-02	0.10	5.78e-05
6_25420350_A_C,G	-7.804e-02	0.20	5.8e-05
7_28146305_G_C	-4.956e-02	0.63	5.8e-05
19_19675696_C_T	1.130e-01	0.08	5.83e-05
11_17408404_C_T	-6.681e-02	0.68	5.86e-05
15_91447686_G_A	5.356e-02	0.26	5.91e-05
3_123049938_A_C	4.956e-02	0.59	5.93e-05
6_20833559_G_A	1.022e-01	0.08	5.93e-05
2_205378570_A_G	-8.732e-02	0.91	5.99e-05
2_43572047_A_G	-5.849e-02	0.17	6e-05
20_33220070_T_C	4.597e-02	0.51	6.01e-05
2_43529919_C_G	-9.894e-02	0.11	6.02e-05
6_21038658_G_T	-1.072e-01	0.12	6.07e-05
11_72555553_G_A	-7.121e-02	0.20	6.07e-05
12_66371880_G_T	4.646e-02	0.54	6.07e-05
1_229764374_C_T	9.126e-02	0.06	6.08e-05
2_165612741_C_T	-5.966e-02	0.62	6.1e-05
10_94342663_C_T	-7.309e-02	0.46	6.11e-05
18_57749186_T_C	6.843e-02	0.25	6.11e-05
6_32659099_T_C	8.277e-02	0.11	6.14e-05
15_91482935_G_C	4.673e-02	0.39	6.16e-05
3_123085337_T_C	-5.816e-02	0.45	6.17e-05
10_94374891_T_C	-8.896e-02	0.38	6.21e-05
6_20772818_C_T	8.073e-02	0.09	6.22e-05
3_23221931_G_A	5.383e-02	0.29	6.25e-05
15_91516015_T_C	6.224e-02	0.34	6.25e-05
9_22025240_C_G	5.377e-02	0.47	6.27e-05
18_57759242_C_A	6.178e-02	0.34	6.27e-05
12_123817796_T_C	-5.894e-02	0.23	6.32e-05
2_43456430_C_A	-9.610e-02	0.11	6.35e-05
2_60593634_C_T	-5.030e-02	0.69	6.37e-05
11_2751415_A_G	6.418e-02	0.34	6.37e-05
8_129568078_C_T	-5.350e-02	0.75	6.42e-05
12_39439573_C_A	1.143e-01	0.05	6.42e-05
9_22023795_T_A	4.604e-02	0.50	6.43e-05
9_22029445_G_A	4.610e-02	0.50	6.43e-05
11_17386733_C_T	-5.919e-02	0.66	6.44e-05
4_122660250_A_G	1.126e-01	0.04	6.47e-05
12_66358347_C_T	4.602e-02	0.51	6.47e-05
4_6257188_C_T	4.583e-02	0.46	6.48e-05
20_33294353_A_G	4.585e-02	0.46	6.49e-05
12_26474867_G_A	-5.211e-02	0.76	6.52e-05
2_60629609_G_A	-4.608e-02	0.49	6.54e-05
15_91535329_G_T	8.155e-02	0.14	6.58e-05
2_43632950_C_T	-4.847e-02	0.35	6.59e-05
6_20758331_T_A	6.021e-02	0.34	6.59e-05
6_25575514_C_T	-7.668e-02	0.20	6.59e-05
4_103728010_C_A	-4.847e-02	0.48	6.61e-05
8_9186524_C_G	-4.649e-02	0.57	6.63e-05
20_39901282_C_T	6.207e-02	0.18	6.63e-05
2_121309759_C_T	-6.657e-02	0.15	6.64e-05
6_20833602_C_T	-1.877e-01	0.03	6.65e-05
13_54084032_G_A	6.870e-02	0.13	6.67e-05
1_165526793_G_C	5.762e-02	0.80	6.72e-05
15_91509592_T_C	5.120e-02	0.30	6.74e-05
2_226916452_C_A	-5.618e-02	0.24	6.76e-05
12_66246797_A_G	1.525e-01	0.03	6.83e-05
9_22128180_C_G	-9.075e-02	0.10	6.85e-05
10_12269343_C_T	6.016e-02	0.21	6.86e-05
2_60582051_C_T	4.945e-02	0.36	6.91e-05
8_10703293_T_C	-4.785e-02	0.62	6.91e-05
2_226897985_T_C	-5.894e-02	0.24	6.94e-05
9_22056359_A_G	5.980e-02	0.59	6.96e-05
9_139254897_G_A	-5.290e-02	0.48	6.96e-05
11_72444583_T_C	-5.323e-02	0.28	6.96e-05
2_43519977_C_T,G	-9.900e-02	0.11	6.97e-05
3_53125922_T_C	4.690e-02	0.59	7e-05
3_64891359_T_G	4.742e-02	0.45	7.06e-05
12_26462982_T_G	6.604e-02	0.23	7.07e-05
3_185548662_T_C	5.954e-02	0.36	7.08e-05
15_91538920_C_T	8.126e-02	0.14	7.11e-05
1_120498086_G_C	-7.249e-02	0.86	7.12e-05
2_165509579_G_A	-5.948e-02	0.23	7.12e-05
7_14897922_A_T	4.905e-02	0.35	7.13e-05
12_26457190_A_G	5.343e-02	0.23	7.15e-05
9_22032119_A_G	4.726e-02	0.50	7.16e-05
1_120500951_C_G	1.069e-01	0.05	7.17e-05
3_123068743_A_G	-5.937e-02	0.44	7.18e-05
4_89713121_C_T	4.707e-02	0.49	7.22e-05
7_14870593_G_C	4.983e-02	0.32	7.22e-05
9_22056499_G_A	4.700e-02	0.51	7.31e-05
15_91522092_G_A	8.128e-02	0.14	7.34e-05
12_26473675_G_A	6.560e-02	0.23	7.35e-05
4_103647047_C_T	-5.434e-02	0.27	7.36e-05
6_20938606_C_T	-7.585e-02	0.88	7.38e-05
8_9234847_A_T	-5.062e-02	0.58	7.41e-05
4_153294875_T_C	5.402e-02	0.72	7.42e-05
15_91551876_C_T	8.109e-02	0.15	7.45e-05
15_91533816_A_G	7.407e-02	0.20	7.49e-05
8_118284380_G_A	-5.310e-02	0.28	7.54e-05
12_66389968_T_C	4.573e-02	0.55	7.56e-05
2_121317747_A_G	-6.485e-02	0.15	7.57e-05
15_91503752_T_C	6.133e-02	0.34	7.63e-05
17_47093398_T_C	-5.004e-02	0.33	7.65e-05
2_165554309_C_A	-5.276e-02	0.38	7.68e-05
18_57736702_T_G	6.105e-02	0.34	7.69e-05
2_43566941_C_T	-5.950e-02	0.17	7.74e-05
6_20764472_C_T	1.022e-01	0.09	7.74e-05
2_60660308_T_C	-5.076e-02	0.29	7.78e-05
7_28194397_C_A	-9.265e-02	0.53	7.85e-05
12_26443030_G_A	5.315e-02	0.23	7.85e-05
18_57731977_C_T	-6.097e-02	0.66	7.86e-05
12_124612160_C_T	-4.807e-02	0.39	7.87e-05
1_214148628_A_G	-4.842e-02	0.46	7.9e-05
10_114665428_C_G	7.624e-02	0.88	7.9e-05
6_13192799_G_A	7.944e-02	0.15	7.91e-05
3_185547319_A_G	5.918e-02	0.36	7.92e-05
15_91505779_G_C	8.207e-02	0.15	8e-05
11_17411020_C_T	-5.774e-02	0.62	8.05e-05
11_17395540_T_C	-5.846e-02	0.66	8.06e-05
12_66360164_C_T	4.692e-02	0.52	8.07e-05
19_45395619_A_G	-7.073e-02	0.13	8.11e-05
15_62414014_C_T	-4.653e-02	0.56	8.12e-05
2_227019577_C_T	5.015e-02	0.34	8.13e-05
12_66241898_G_A	8.536e-02	0.08	8.13e-05
1_219659668_A_T	4.665e-02	0.64	8.16e-05
5_14847331_G_A	-4.791e-02	0.55	8.19e-05
6_20951252_C_T	-1.846e-01	0.03	8.19e-05
9_22045317_C_T	7.919e-02	0.58	8.24e-05
11_65365171_G_T	5.345e-02	0.27	8.28e-05
11_34916710_A_G	-4.821e-02	0.70	8.33e-05
11_92697981_C_T	5.883e-02	0.38	8.33e-05
1_229764957_T_G	9.210e-02	0.06	8.35e-05
11_72419514_C_T	-7.616e-02	0.17	8.35e-05
4_6279047_C_T	5.501e-02	0.83	8.4e-05
6_20647660_G_T	5.530e-02	0.25	8.4e-05
10_12320571_A_C	-7.580e-02	0.77	8.42e-05
3_185482618_T_C	4.841e-02	0.64	8.52e-05
22_44377442_A_G	5.108e-02	0.39	8.59e-05
7_15056045_T_A	-4.937e-02	0.48	8.61e-05
6_20960932_C_T	-7.496e-02	0.88	8.62e-05
11_2843676_T_C	5.855e-02	0.23	8.65e-05
6_20746236_C_A	-5.223e-02	0.74	8.66e-05
7_28174957_A_G	-5.085e-02	0.75	8.67e-05
2_43555805_G_T	-5.744e-02	0.17	8.7e-05
6_20613151_T_C	9.484e-02	0.11	8.71e-05
18_57749028_A_G	6.587e-02	0.25	8.73e-05
22_30219545_T_C	-8.552e-02	0.06	8.73e-05
2_43809347_G_C	-1.086e-01	0.08	8.76e-05
9_22133984_T_C	4.787e-02	0.43	8.76e-05
2_161101169_G_A	5.914e-02	0.82	8.78e-05
3_12117220_A_G	-7.383e-02	0.12	8.81e-05
17_46152559_C_A	-5.836e-02	0.23	8.81e-05
2_227136814_T_C	5.690e-02	0.45	8.88e-05
6_32147761_T_C	6.985e-02	0.89	8.9e-05
1_120474507_G_T	-6.731e-02	0.86	8.95e-05
2_43867207_T_C	-6.582e-02	0.77	8.96e-05
11_2841365_C_A	-5.580e-02	0.23	8.98e-05
11_92680614_T_A	6.164e-02	0.40	8.98e-05
5_112809728_C_T	-4.831e-02	0.33	9.06e-05
3_64707356_T_C	-6.555e-02	0.23	9.1e-05
3_12156316_G_A	-7.201e-02	0.12	9.16e-05
1_214156514_T_C	5.864e-02	0.59	9.28e-05
15_62443097_A_G	-5.434e-02	0.30	9.29e-05
2_43646139_A_G	-4.719e-02	0.36	9.34e-05
1_214130413_A_C	-7.042e-02	0.12	9.37e-05
15_91506637_T_C	7.925e-02	0.14	9.38e-05
11_17311811_G_C	4.693e-02	0.42	9.42e-05
2_43805608_C_G	-9.027e-02	0.11	9.45e-05
2_60566266_A_G	5.043e-02	0.36	9.46e-05
6_32368087_T_C	5.367e-02	0.27	9.46e-05
1_39797055_A_G	5.588e-02	0.20	9.49e-05
7_44617793_G_A	-7.751e-02	0.09	9.53e-05
2_227140029_C_T	5.665e-02	0.45	9.54e-05
2_60584283_C_A	-5.018e-02	0.37	9.57e-05
7_44261978_G_A	7.872e-02	0.18	9.59e-05
12_93967035_A_G	6.780e-02	0.23	9.61e-05
2_165567695_A_G	-4.710e-02	0.59	9.62e-05
14_79899454_C_T	4.499e-02	0.52	9.68e-05
1_214150821_G_C	1.635e-01	0.05	9.69e-05
6_31107087_T_C	5.225e-02	0.73	9.71e-05
2_60601376_T_C	-4.668e-02	0.47	9.77e-05
9_4290541_C_A	5.879e-02	0.44	9.77e-05
6_20818393_A_G	1.006e-01	0.08	9.79e-05
3_129291751_T_C	-5.108e-02	0.34	9.81e-05
6_20576374_A_G	7.980e-02	0.10	9.81e-05
8_10706411_C_G	-4.681e-02	0.62	9.82e-05
8_9229639_A_G	1.202e-01	0.04	9.84e-05
15_91531995_C_T	7.969e-02	0.14	9.85e-05
18_57761524_C_T	6.535e-02	0.25	9.9e-05
18_57831468_G_T	4.594e-02	0.44	9.91e-05
2_67662090_T_C	-5.751e-02	0.65	9.92e-05
2_43526386_A_T	-6.265e-02	0.14	9.94e-05
2_165656787_G_C	-4.770e-02	0.63	9.95e-05
3_185541213_G_T	5.844e-02	0.35	9.98e-05
8_20575493_T_C	-6.757e-02	0.12	1e-04
12_66351826_T_C	4.649e-02	0.53	1e-04
12_101334650_G_A	5.644e-02	0.22	1e-04
