16_53810686_T_C	3.000e-02	0.42	1.9e-07
16_53821615_A_G	3.500e-02	0.42	2e-07
16_53816275_C_A	3.000e-02	0.42	2.1e-07
16_53819198_G_C	3.000e-02	0.42	2.2e-07
16_53813367_T_G	3.000e-02	0.42	2.6e-07
16_53813450_A_T	3.000e-02	0.42	2.7e-07
16_53816752_A_G	3.000e-02	0.42	2.9e-07
16_53816838_G_A	3.000e-02	0.42	2.9e-07
16_53818460_G_T	3.000e-02	0.42	3e-07
16_53819877_C_T	2.900e-02	0.42	3.3e-07
16_53819893_A_G	2.900e-02	0.42	3.3e-07
16_53819169_T_C	3.000e-02	0.42	3.6e-07
4_187814201_C_T	-4.200e-02	0.14	4.1e-07
4_187815250_G_A	-4.300e-02	0.14	4.3e-07
16_53820527_T_A	2.900e-02	0.42	4.4e-07
16_53822651_A_G	2.900e-02	0.42	4.5e-07
16_53828066_C_T	2.900e-02	0.42	4.8e-07
16_53842908_G_A	2.900e-02	0.43	6.5e-07
16_53821862_C_T	2.900e-02	0.43	7.1e-07
4_187818100_C_T	-4.200e-02	0.13	7.9e-07
16_53825488_C_T	2.900e-02	0.43	7.9e-07
16_53827179_C_G	2.900e-02	0.43	8.5e-07
16_53812614_G_A	2.800e-02	0.50	8.9e-07
16_53830491_T_C	2.800e-02	0.45	9.4e-07
16_53831146_C_T	2.800e-02	0.44	9.8e-07
16_53830465_A_G	2.800e-02	0.45	1e-06
16_53831771_G_T	2.800e-02	0.45	1e-06
16_53830452_A_G	2.800e-02	0.45	1.1e-06
2_140922100_A_G	-3.800e-02	0.25	1.2e-06
4_187814109_G_C	-4.000e-02	0.14	1.3e-06
14_103162759_G_C	6.100e-02	0.05	1.3e-06
18_39646964_A_G	3.300e-02	0.35	1.6e-06
14_103155465_G_A	6.800e-02	0.03	1.7e-06
4_187818044_G_C	-4.000e-02	0.13	2e-06
14_103070845_A_G	6.600e-02	0.03	2.1e-06
14_103071103_G_T	6.600e-02	0.03	2.1e-06
14_103177644_A_G	5.900e-02	0.05	2.4e-06
2_208976955_A_C	2.800e-02	0.37	2.9e-06
18_39599939_T_A	3.200e-02	0.34	3.1e-06
6_82739118_G_A	2.600e-02	0.47	3.3e-06
16_53815161_T_G	2.600e-02	0.53	4.7e-06
6_37638562_C_T	4.600e-02	0.11	5e-06
6_82731411_C_T	2.600e-02	0.47	5.4e-06
6_79077646_G_A	-1.100e-01	0.03	5.6e-06
19_3206235_A_G	-2.700e-02	0.49	5.8e-06
6_82731761_C_G	2.600e-02	0.47	6e-06
6_82733472_T_C	2.600e-02	0.47	6.3e-06
6_82735509_T_C	2.600e-02	0.47	6.3e-06
6_82735616_A_C	2.600e-02	0.47	6.3e-06
6_82736581_C_T	2.600e-02	0.47	6.4e-06
19_3198777_A_G	-2.700e-02	0.42	6.6e-06
6_82728792_C_T	2.600e-02	0.47	6.8e-06
6_82737735_C_T	2.600e-02	0.47	7e-06
19_3207338_T_C	-2.700e-02	0.49	7.6e-06
19_3185553_G_A	-3.600e-02	0.54	8.5e-06
19_3186085_G_T	-3.600e-02	0.54	8.6e-06
19_3185563_C_T	-3.600e-02	0.54	9.6e-06
19_3216946_A_G	-2.700e-02	0.49	1e-05
6_37634174_G_A	7.100e-02	0.08	1.1e-05
8_26298209_T_C	-3.200e-02	0.34	1.1e-05
11_85810826_A_C	4.800e-02	0.08	1.1e-05
19_3209483_T_G	-2.600e-02	0.49	1.1e-05
19_3209716_A_G	-2.600e-02	0.49	1.1e-05
19_3201695_A_G	-2.600e-02	0.49	1.2e-05
12_115017647_G_A	-5.000e-02	0.11	1.3e-05
6_82746355_A_G	2.500e-02	0.47	1.4e-05
12_16893823_T_G	2.900e-02	0.25	1.5e-05
16_53839135_T_C	2.500e-02	0.54	1.5e-05
12_115001946_T_G	-4.900e-02	0.11	1.6e-05
6_156568138_A_G	-4.000e-02	0.17	1.9e-05
14_38447092_A_T	9.100e-02	0.04	1.9e-05
18_39646221_G_A	3.300e-02	0.20	1.9e-05
3_186443250_T_C	-2.400e-02	0.53	2e-05
11_85810463_A_T	5.000e-02	0.08	2.1e-05
2_64615058_A_G	3.700e-02	0.14	2.2e-05
8_26297842_G_A	-3.100e-02	0.34	2.2e-05
12_5894444_G_A	2.700e-02	0.52	2.2e-05
2_64614339_A_C	4.700e-02	0.14	2.4e-05
2_64614655_C_A	4.700e-02	0.14	2.4e-05
2_64614972_T_C	4.700e-02	0.14	2.4e-05
6_82747909_G_A	2.400e-02	0.47	2.4e-05
8_9879451_C_G	-3.500e-02	0.85	2.5e-05
16_73552304_C_G	-2.500e-02	0.65	2.5e-05
2_209412884_G_A	-2.500e-02	0.41	2.6e-05
8_9879283_A_C	3.500e-02	0.15	2.6e-05
10_115781527_T_C	3.200e-02	0.69	2.6e-05
12_28147960_C_T	-1.300e-01	0.99	2.6e-05
18_61054048_A_G	3.700e-02	0.18	2.7e-05
19_3185636_T_C	-3.000e-02	0.55	2.7e-05
7_144905970_T_G	-6.400e-02	0.97	2.8e-05
7_144965064_A_C	-6.700e-02	0.97	2.8e-05
18_19667525_G_A	5.600e-02	0.08	2.8e-05
3_186443018_T_C	-2.400e-02	0.53	2.9e-05
11_11102466_T_A	-2.500e-02	0.33	2.9e-05
7_144900470_C_T	-6.400e-02	0.97	3e-05
19_3191604_A_G	-2.500e-02	0.57	3e-05
9_37422656_C_T	-3.200e-02	0.36	3.2e-05
4_6068495_C_T	3.800e-02	0.29	3.3e-05
3_10698941_T_G	-2.700e-02	0.61	3.4e-05
7_144925707_C_T	-6.200e-02	0.97	3.4e-05
3_10696036_C_A	-2.700e-02	0.61	3.5e-05
3_10697193_G_C	-2.700e-02	0.61	3.5e-05
14_63075026_C_G	3.800e-02	0.10	3.5e-05
14_63075515_C_T	3.800e-02	0.09	3.6e-05
2_64606084_A_G	3.600e-02	0.14	3.7e-05
2_209378325_T_A	-2.700e-02	0.73	3.7e-05
14_38448746_C_T	8.800e-02	0.04	3.7e-05
7_144939510_C_T	-6.200e-02	0.97	3.8e-05
12_16875965_C_T	2.700e-02	0.25	3.8e-05
15_63636878_C_T	-2.400e-02	0.54	3.8e-05
2_209377918_C_A	-2.600e-02	0.73	3.9e-05
2_209378138_G_A	-2.600e-02	0.73	3.9e-05
7_144930020_T_C	-6.200e-02	0.97	3.9e-05
2_208977323_A_G	3.000e-02	0.69	4e-05
12_16874065_G_C	2.700e-02	0.25	4e-05
12_16879967_T_C	2.600e-02	0.26	4e-05
12_16882902_C_T	2.600e-02	0.25	4e-05
12_16883000_C_T	2.600e-02	0.25	4e-05
7_144928577_G_T	-6.200e-02	0.97	4.1e-05
12_16874829_A_G	2.700e-02	0.25	4.1e-05
12_16875647_G_C	2.600e-02	0.25	4.1e-05
12_16879237_C_G	2.600e-02	0.26	4.1e-05
12_16889168_T_C	2.600e-02	0.26	4.1e-05
14_63075140_A_C	3.700e-02	0.10	4.1e-05
15_98678868_G_A	4.400e-02	0.84	4.1e-05
2_209374934_C_A	-2.600e-02	0.73	4.2e-05
4_154080813_C_T	-2.900e-02	0.20	4.2e-05
7_144922168_C_T	-6.200e-02	0.97	4.2e-05
12_16876870_C_T	2.600e-02	0.25	4.2e-05
12_16877780_T_A	2.600e-02	0.25	4.2e-05
12_16889313_A_C	2.600e-02	0.26	4.2e-05
7_144921878_A_G	-6.200e-02	0.97	4.3e-05
7_144941441_G_A	-6.200e-02	0.97	4.3e-05
7_144942989_C_T	-6.200e-02	0.97	4.3e-05
12_16890177_T_C	2.600e-02	0.26	4.3e-05
12_16891864_C_T	2.600e-02	0.25	4.3e-05
2_209328713_A_T	-2.400e-02	0.43	4.4e-05
2_209374194_A_G	-2.600e-02	0.73	4.4e-05
4_134728776_A_C	4.200e-02	0.09	4.4e-05
7_12624302_C_T	2.500e-02	0.48	4.4e-05
12_16892805_A_G	2.600e-02	0.25	4.4e-05
12_16892836_G_A	2.600e-02	0.25	4.4e-05
17_39706050_G_C	-2.900e-02	0.64	4.4e-05
2_209372987_G_A	-2.600e-02	0.73	4.5e-05
4_134757623_T_A	4.200e-02	0.10	4.5e-05
7_144946668_T_C	-6.200e-02	0.97	4.5e-05
14_54146644_T_G	-7.400e-02	0.96	4.5e-05
2_209372477_C_G	-2.600e-02	0.73	4.6e-05
4_134754555_T_C	4.200e-02	0.09	4.6e-05
4_134754847_G_C	4.200e-02	0.09	4.6e-05
12_16893520_G_T	2.600e-02	0.25	4.6e-05
12_16893537_C_T	2.600e-02	0.25	4.6e-05
12_16893686_C_A	2.600e-02	0.25	4.6e-05
12_16893959_C_T	2.600e-02	0.25	4.6e-05
3_186455546_T_C	-2.400e-02	0.43	4.7e-05
7_144948161_G_A	-6.200e-02	0.97	4.7e-05
12_16894420_T_C	2.600e-02	0.26	4.7e-05
12_16896102_C_A	2.600e-02	0.25	4.7e-05
19_3180803_A_G	-2.900e-02	0.59	4.7e-05
7_144949614_A_C	-6.200e-02	0.97	4.8e-05
12_16903146_G_A	2.600e-02	0.26	4.8e-05
12_16903465_T_C	2.600e-02	0.26	4.8e-05
15_98678524_C_A	4.300e-02	0.84	4.9e-05
16_73552643_C_T	-2.400e-02	0.65	5e-05
2_209365647_G_A	-2.600e-02	0.73	5.1e-05
3_10675669_C_G	-3.100e-02	0.62	5.1e-05
8_64882680_T_C	-2.400e-02	0.42	5.2e-05
15_63642284_C_T	2.700e-02	0.39	5.2e-05
14_63119506_G_A	3.700e-02	0.11	5.3e-05
4_187834790_G_T	3.400e-02	0.84	5.4e-05
11_11092386_G_A	-2.400e-02	0.34	5.4e-05
11_61524507_T_C	5.300e-02	0.13	5.4e-05
16_53845487_C_A	2.800e-02	0.42	5.4e-05
9_37421065_C_T	-3.000e-02	0.36	5.5e-05
13_49419880_A_G	-2.900e-02	0.80	5.6e-05
16_53803574_T_A	2.600e-02	0.44	5.6e-05
7_144943368_C_T	-6.200e-02	0.97	5.7e-05
12_16896135_C_T	2.500e-02	0.30	5.7e-05
2_6539705_C_G	-2.500e-02	0.70	5.8e-05
16_53800954_T_C	2.600e-02	0.44	5.9e-05
22_25319425_T_G	3.000e-02	0.22	5.9e-05
16_53800754_G_A	2.600e-02	0.45	6e-05
6_13791136_T_C	-7.200e-02	0.03	6.1e-05
6_37636600_T_C	4.500e-02	0.08	6.1e-05
6_82728279_C_G	2.300e-02	0.46	6.1e-05
4_187834035_C_T	3.400e-02	0.84	6.2e-05
12_16894818_A_G	2.500e-02	0.30	6.2e-05
16_53800568_G_A	2.600e-02	0.45	6.4e-05
14_38468543_C_T	8.800e-02	0.03	6.6e-05
14_63120610_C_T	3.700e-02	0.09	6.6e-05
4_86447971_A_T	2.400e-02	0.33	6.7e-05
11_11096760_T_G	-2.400e-02	0.34	6.7e-05
16_53799507_G_A	2.600e-02	0.45	6.8e-05
3_13640955_G_C	-2.700e-02	0.40	6.9e-05
6_37635679_A_G	4.500e-02	0.08	6.9e-05
2_49660582_T_C	5.000e-02	0.06	7e-05
2_49660861_C_A	5.000e-02	0.06	7e-05
7_12609988_G_C	2.300e-02	0.50	7e-05
12_16908469_G_C	2.600e-02	0.25	7.1e-05
12_16911631_A_G	2.600e-02	0.26	7.1e-05
1_89803882_A_G	2.300e-02	0.54	7.3e-05
16_53799905_A_G	2.600e-02	0.45	7.4e-05
19_14712191_A_C	3.900e-02	0.09	7.4e-05
8_17507299_A_G	3.300e-02	0.15	7.5e-05
2_49653746_G_A	5.000e-02	0.06	7.6e-05
11_11090027_A_T	-2.400e-02	0.34	7.7e-05
16_53799977_T_G	2.600e-02	0.45	7.7e-05
3_197202954_T_C	-5.500e-02	0.95	7.8e-05
4_187836373_C_T	3.300e-02	0.84	7.8e-05
5_82112778_T_C	3.200e-02	0.30	7.8e-05
6_37634813_G_A	4.400e-02	0.08	7.8e-05
12_5906139_G_A	2.500e-02	0.52	7.8e-05
11_11091413_A_G	-2.400e-02	0.34	7.9e-05
16_53809247_G_A	2.500e-02	0.45	7.9e-05
6_8240327_A_G	4.800e-02	0.06	8e-05
6_79052060_A_G	-2.400e-02	0.65	8.1e-05
16_73555803_T_G	-2.300e-02	0.62	8.1e-05
1_89835926_T_C	-2.300e-02	0.39	8.3e-05
2_208977797_G_T	2.400e-02	0.33	8.3e-05
7_12610937_C_G	2.300e-02	0.45	8.3e-05
11_85812955_T_C	3.800e-02	0.10	8.3e-05
12_16869587_G_A	3.300e-02	0.22	8.3e-05
16_79434700_A_C	6.900e-02	0.96	8.3e-05
18_6504705_A_G	3.700e-02	0.21	8.3e-05
4_187836846_T_C	3.300e-02	0.84	8.4e-05
16_53801985_C_T	2.500e-02	0.45	8.4e-05
2_208978469_G_A	2.400e-02	0.33	8.5e-05
16_53801549_C_T	2.500e-02	0.45	8.5e-05
6_15401909_C_G	-4.000e-02	0.12	8.6e-05
6_79042990_T_C	-2.300e-02	0.63	8.6e-05
7_12612681_T_C	2.300e-02	0.46	8.6e-05
17_39676412_T_C	-2.700e-02	0.63	8.6e-05
7_12614638_A_C	2.200e-02	0.51	8.7e-05
16_81980438_G_T	2.700e-02	0.67	8.7e-05
4_182749236_C_G	3.000e-02	0.61	8.8e-05
7_12605053_C_G	2.300e-02	0.45	9e-05
7_12627245_A_G	2.200e-02	0.50	9e-05
14_52072912_C_A	-8.500e-02	0.95	9e-05
15_38140095_A_C	2.800e-02	0.19	9e-05
16_53805207_C_A	2.500e-02	0.45	9e-05
2_49650832_T_C	5.000e-02	0.06	9.2e-05
7_12604371_A_G	2.300e-02	0.45	9.2e-05
2_49650410_C_T	5.000e-02	0.06	9.3e-05
3_197203643_A_C	-5.500e-02	0.95	9.4e-05
2_49649313_G_A	5.000e-02	0.06	9.5e-05
15_38139201_C_T	2.800e-02	0.19	9.5e-05
2_49648025_A_C	5.000e-02	0.06	9.6e-05
2_49852392_A_C	5.200e-02	0.05	9.6e-05
4_4595529_T_C	-3.400e-02	0.69	9.6e-05
4_6026877_C_A	-3.000e-02	0.25	9.6e-05
16_81977318_T_A	-2.600e-02	0.28	9.6e-05
20_6643172_G_T	-4.800e-02	0.94	9.6e-05
2_49646672_C_T	5.000e-02	0.06	9.7e-05
7_108021004_C_T	2.300e-02	0.41	9.7e-05
7_147601772_T_A	2.300e-02	0.63	9.7e-05
16_53800629_C_G	2.500e-02	0.45	9.7e-05
4_30469605_T_C	-8.300e-02	0.98	9.8e-05
7_147601401_G_C	2.300e-02	0.63	9.8e-05
15_38140599_G_C	2.800e-02	0.19	9.9e-05
1_233070803_T_C	4.100e-02	0.16	1e-04
5_137000719_T_C	3.000e-02	0.17	1e-04
6_8241801_A_T	4.900e-02	0.06	1e-04
6_28216027_A_G	6.700e-02	0.04	1e-04
7_12611252_T_C	2.200e-02	0.51	1e-04
7_108018716_T_C	2.300e-02	0.41	1e-04
14_56469277_G_A	1.100e-01	0.02	1e-04
15_38139065_C_A	2.800e-02	0.19	1e-04
21_35712312_T_C	-2.400e-02	0.65	1e-04
