11_92708710_C_G	7.900e-02	0.29	2.2e-100
2_169763148_T_C	7.100e-02	0.69	2.63e-99
2_169757541_G_A	6.700e-02	0.67	2.22e-91
2_169802252_G_T	6.600e-02	0.64	2.87e-91
2_169774959_A_G	6.500e-02	0.64	5.36e-91
2_169774646_C_T	6.500e-02	0.64	7.01e-91
2_169777595_C_T	6.500e-02	0.64	1.21e-90
2_169801488_A_G	6.600e-02	0.64	5.63e-90
2_169774071_C_A	6.400e-02	0.64	2.515e-88
2_169776746_T_C	6.400e-02	0.63	8.229e-87
2_169753415_T_C	-6.800e-02	0.32	1.313e-85
2_169789306_T_C	6.200e-02	0.63	1.662e-84
2_169782149_A_G	6.200e-02	0.63	2.876e-84
2_169782880_A_T	6.200e-02	0.63	3.131e-84
2_169783039_G_T	6.200e-02	0.63	3.145e-84
2_169784955_A_C	6.200e-02	0.63	5.99e-84
2_169791438_A_G	6.100e-02	0.63	3.211e-81
11_92681013_C_T	6.400e-02	0.28	3.927e-75
11_92690661_T_C	6.500e-02	0.28	2.463e-73
11_92673828_C_T	6.400e-02	0.28	8.28e-73
2_169782481_A_T	5.700e-02	0.61	3.821e-72
11_92690032_G_T	5.900e-02	0.34	6.381e-72
11_92683332_T_A	5.900e-02	0.34	6.852e-72
11_92698427_C_G	5.800e-02	0.40	7.423e-72
11_92679778_C_T	5.900e-02	0.34	8.026e-72
11_92694757_A_G	5.800e-02	0.41	5.357e-71
11_92668975_T_C	5.700e-02	0.36	3.974e-68
11_92672021_G_T	5.900e-02	0.32	1.705e-64
11_92684322_G_A	5.300e-02	0.40	4.892e-62
11_92691532_T_C	5.300e-02	0.40	1.265e-60
2_169814347_A_G	5.400e-02	0.49	4.524e-60
11_92668826_C_T	5.100e-02	0.42	6.672e-58
2_169757354_C_T	6.000e-02	0.22	5.829e-56
2_169799010_A_G	6.300e-02	0.22	2.081e-53
7_44248828_G_A	6.400e-02	0.18	3.509e-53
7_44231886_T_C	6.400e-02	0.18	3.563e-53
2_169784493_A_G	6.100e-02	0.22	3.791e-53
7_44223942_G_A	6.400e-02	0.18	4.433e-53
11_92667730_G_C	5.100e-02	0.35	4.948e-53
7_44245853_A_T	6.400e-02	0.18	5.15e-53
7_44229068_C_T	6.400e-02	0.18	5.904e-53
7_44235668_G_A	6.400e-02	0.18	6.166e-52
7_44223721_G_A	6.400e-02	0.18	1.179e-51
2_169806321_A_G	4.700e-02	0.52	2.415e-51
7_44231778_C_T	6.100e-02	0.22	1.408e-50
2_169780818_A_G	4.600e-02	0.55	5.248e-50
2_169802329_C_A	4.600e-02	0.54	2.26e-49
2_169811224_T_C	4.600e-02	0.52	6.129e-49
11_92717405_C_A	4.500e-02	0.54	1.2e-48
11_92717475_G_A	4.500e-02	0.54	1.236e-48
11_92718127_G_C	4.500e-02	0.54	1.644e-48
11_92718163_A_G	4.500e-02	0.54	2.25e-48
2_169753676_G_A	4.600e-02	0.58	4.407e-47
11_92713507_G_T	4.500e-02	0.56	2.626e-46
2_169794431_C_T	-4.400e-02	0.46	2.694e-46
2_169805511_A_C	4.400e-02	0.52	2.862e-46
2_169808522_A_T	4.400e-02	0.51	3.108e-46
2_169809672_G_T	4.400e-02	0.51	3.18e-46
2_169803674_C_T	4.400e-02	0.52	4.124e-46
11_92719207_T_G	4.400e-02	0.54	5.695e-46
2_169807482_C_G	4.400e-02	0.51	8.032e-46
11_92721787_A_C	4.400e-02	0.54	1.136e-45
11_92725321_A_G	4.400e-02	0.54	1.344e-45
11_92701596_T_C	4.700e-02	0.51	1.812e-45
2_169779896_T_C	4.600e-02	0.55	2.28e-45
11_92722761_G_A	4.400e-02	0.54	5.703e-45
2_169802594_C_T	4.300e-02	0.53	1.631e-44
2_169802310_G_A	4.300e-02	0.53	2.088e-44
2_169801905_T_C	4.300e-02	0.53	2.514e-44
2_169801628_A_C	4.300e-02	0.53	2.795e-44
11_92706944_A_G	4.500e-02	0.58	5.53e-44
11_92721319_G_A	4.300e-02	0.54	9.071e-44
2_169797652_T_C	4.300e-02	0.53	1.882e-43
2_169796288_T_C	4.200e-02	0.53	5.572e-43
2_169796285_A_G	4.200e-02	0.53	1.184e-42
2_169798619_T_C	4.200e-02	0.53	1.608e-42
11_92706175_G_A	4.400e-02	0.59	1.884e-42
2_169797060_A_G	4.200e-02	0.53	3.737e-42
2_169794771_A_T	-4.200e-02	0.47	6.758e-42
2_169794283_G_A	-4.200e-02	0.47	1.02e-41
2_169814655_G_T	4.200e-02	0.50	2.502e-41
2_169779712_T_C	4.100e-02	0.53	4.242e-41
2_169780885_T_C	4.100e-02	0.53	5.909e-41
2_169792421_A_G	4.100e-02	0.53	1.119e-40
2_169794687_C_T	-4.100e-02	0.47	5.407e-40
2_169787686_C_T	4.100e-02	0.53	6.562e-40
2_169779156_G_A	4.100e-02	0.53	6.691e-40
2_169789016_T_C	4.100e-02	0.53	1.472e-39
2_169785449_A_C	4.100e-02	0.53	3.069e-39
7_44219338_A_G	4.800e-02	0.25	1.587e-37
2_169766560_C_T	-9.400e-02	0.11	1.904e-37
7_44231216_T_G	-4.200e-02	0.48	2.627e-37
7_44211337_T_C	4.700e-02	0.26	7.022e-37
7_44210710_C_T	4.600e-02	0.25	1.436e-36
11_92715849_G_A	4.600e-02	0.53	5.273e-36
7_44243438_G_C	6.200e-02	0.18	1.193e-35
2_169750483_C_T	-3.900e-02	0.67	4.448e-30
7_44245363_A_G	-3.500e-02	0.42	6.116e-28
7_44247258_C_T	-3.600e-02	0.42	5.103e-27
11_92667658_A_T	4.100e-02	0.57	2.853e-25
2_27742603_T_C	3.200e-02	0.59	4.225e-25
7_44205906_A_C	3.200e-02	0.40	2.251e-24
2_27741237_T_C	3.200e-02	0.59	2.928e-24
2_27730940_T_C	3.200e-02	0.59	4.711e-24
7_44189274_T_C	4.300e-02	0.19	1.159e-23
7_44216137_G_A	3.200e-02	0.40	2.915e-23
11_92667047_A_G	3.700e-02	0.46	4.374e-23
2_169750661_T_C	-3.400e-02	0.72	7.706e-22
7_15064309_G_T	2.800e-02	0.51	1.975e-20
7_15065564_T_A	2.900e-02	0.51	2.186e-20
7_15063833_T_G	2.900e-02	0.52	3.072e-20
7_15064216_A_T	2.900e-02	0.52	3.141e-20
7_15065003_T_C	2.800e-02	0.52	3.18e-20
7_15065612_A_T	2.900e-02	0.51	3.534e-20
7_15064255_G_T	2.900e-02	0.52	3.745e-20
7_15064984_G_A	2.800e-02	0.52	4.049e-20
7_15063430_T_A	-2.900e-02	0.48	5.694e-20
2_169749841_T_C	-3.200e-02	0.72	7.024e-20
7_14922007_T_C	3.900e-02	0.18	7.772e-20
2_169748860_C_G	-3.200e-02	0.71	1.189e-19
2_169748422_T_C	-3.200e-02	0.71	1.582e-19
2_169768891_A_C	-1.300e-01	0.03	1.68e-19
7_15062983_T_C	2.800e-02	0.52	2.029e-19
2_169748843_A_T	-3.100e-02	0.71	2.152e-19
11_92713376_G_A	1.100e-01	0.02	6.147e-19
7_15065467_C_T	2.700e-02	0.51	1.848e-18
7_15059272_A_C	2.800e-02	0.47	4.101e-18
2_27750546_T_A	2.700e-02	0.50	4.191e-18
7_14898282_C_T	3.600e-02	0.18	5.1e-18
8_118185733_A_G	-2.900e-02	0.29	7.065e-18
7_14923907_A_T	3.900e-02	0.16	1.166e-17
2_27748624_A_G	2.600e-02	0.55	1.287e-17
7_15017023_C_T	2.800e-02	0.43	1.713e-17
7_15016942_C_A	2.800e-02	0.42	1.789e-17
7_15039499_A_T	-2.700e-02	0.51	2.091e-17
7_15024954_C_T	2.700e-02	0.45	2.529e-17
8_118185025_G_A	-3.000e-02	0.29	4.588e-17
2_169738539_T_C	-2.800e-02	0.30	6.59e-17
7_15048814_T_C	2.600e-02	0.49	8.616e-17
11_92727874_C_T	4.100e-02	0.30	1.03e-16
8_118184783_C_T	-3.000e-02	0.29	1.092e-16
7_15040241_T_C	-2.600e-02	0.49	1.891e-16
7_15041076_A_T	-2.600e-02	0.47	2.095e-16
7_15041873_G_A	-2.500e-02	0.47	2.312e-16
2_169789720_T_C	4.000e-02	0.10	2.593e-16
7_15042959_C_T	-2.600e-02	0.48	2.727e-16
7_15044103_C_T	-2.600e-02	0.45	3.099e-16
2_169792171_C_T	4.000e-02	0.10	5.272e-16
2_169792188_C_G	3.900e-02	0.10	6.249e-16
7_14882428_G_A	3.400e-02	0.17	7.088e-16
7_15059796_G_C	2.500e-02	0.54	1.086e-15
8_118220270_T_C	-3.100e-02	0.28	1.427e-15
7_15049604_T_C	-2.400e-02	0.46	1.663e-15
7_15045619_T_C	2.500e-02	0.53	1.736e-15
7_15059906_G_A	-2.500e-02	0.46	1.765e-15
2_169757562_G_A	4.200e-02	0.09	2.182e-15
7_15057829_G_A	-2.500e-02	0.46	2.491e-15
7_44203006_C_T	2.400e-02	0.53	3.578e-15
2_169759598_C_A	4.200e-02	0.09	3.619e-15
7_15052860_T_C	2.500e-02	0.48	3.738e-15
7_15051943_G_C	2.500e-02	0.48	3.79e-15
7_44219074_T_C	2.400e-02	0.54	5.383e-15
7_44204994_G_A	2.400e-02	0.53	5.753e-15
7_15047637_A_G	2.400e-02	0.55	5.862e-15
7_44204322_G_A	2.400e-02	0.54	6.292e-15
7_44203912_A_G	2.400e-02	0.54	6.423e-15
11_92666563_T_C	2.900e-02	0.52	6.831e-15
7_15047280_G_C	-2.400e-02	0.45	6.922e-15
2_169759903_G_A	4.100e-02	0.09	7.692e-15
2_169771196_T_C	4.200e-02	0.08	8.133e-15
2_169760082_T_C	4.100e-02	0.09	9.461e-15
7_15048611_T_G	-2.400e-02	0.45	1.067e-14
7_15055616_G_A	-2.400e-02	0.46	1.093e-14
2_169763804_T_C	4.100e-02	0.09	1.11e-14
7_15056045_T_A	-2.400e-02	0.48	1.616e-14
2_169766938_A_T	4.100e-02	0.08	1.668e-14
2_169764546_C_G	4.000e-02	0.09	2.787e-14
7_15054908_T_C	-2.400e-02	0.49	3.817e-14
2_169721381_A_G	-2.500e-02	0.29	4.279e-14
7_14905933_G_A	-2.500e-02	0.69	8.48e-14
7_15051643_G_A	2.700e-02	0.48	1.754e-13
2_169764141_A_C	-1.500e-01	0.01	1.79e-13
7_15053878_G_C	-2.300e-02	0.45	1.971e-13
7_15053589_C_T	-2.300e-02	0.46	2.187e-13
11_45873091_A_C	-2.200e-02	0.49	2.992e-13
7_15054232_A_G	-2.300e-02	0.46	3.252e-13
7_15053827_A_T	-2.300e-02	0.46	3.331e-13
7_15054063_T_C	-2.300e-02	0.46	3.405e-13
11_45878992_A_G	-2.400e-02	0.49	3.83e-13
7_15054370_T_C	-2.300e-02	0.48	4.166e-13
11_47336320_A_T	-2.500e-02	0.28	4.38e-13
11_47312689_A_G	-2.500e-02	0.27	6.891e-13
11_47293799_G_C	-2.500e-02	0.26	7.105e-13
7_15050305_C_G	2.200e-02	0.48	7.45e-13
2_169704333_T_A	-8.400e-02	0.01	8.371e-13
11_47346723_T_C	-2.500e-02	0.28	8.838e-13
2_169803568_C_T	3.600e-02	0.10	9.241e-13
11_45839889_G_A	-2.200e-02	0.53	9.549e-13
11_45865764_G_A	-2.200e-02	0.49	1.009e-12
11_45896797_T_A	-2.200e-02	0.48	1.009e-12
11_45864142_T_A	-2.200e-02	0.49	1.051e-12
2_27584666_A_G	2.200e-02	0.42	1.059e-12
2_169738404_T_A	-3.500e-02	0.17	1.118e-12
11_47276675_A_G	-2.500e-02	0.27	1.264e-12
2_27685388_G_A	2.200e-02	0.42	1.421e-12
2_27648726_T_C	2.200e-02	0.41	1.529e-12
7_44200884_T_C	2.300e-02	0.54	1.548e-12
7_15054190_C_G	-2.200e-02	0.46	1.724e-12
11_45839709_G_A	-2.200e-02	0.50	2.234e-12
11_45856973_G_A	-2.200e-02	0.50	2.507e-12
11_45855998_C_T	-2.200e-02	0.50	2.555e-12
11_45846498_C_G	-2.100e-02	0.50	2.947e-12
11_45840939_A_T	-2.100e-02	0.50	3.173e-12
11_92724351_T_C	5.800e-02	0.54	3.497e-12
2_169816936_G_C	2.400e-02	0.34	4.174e-12
7_15026872_G_A	-2.200e-02	0.62	9.994e-12
7_14902753_C_A	2.200e-02	0.31	1.412e-11
7_14898152_T_C	2.200e-02	0.32	1.606e-11
7_14900098_A_G	2.200e-02	0.33	1.879e-11
2_169734801_G_C	5.300e-02	0.05	2.026e-11
7_15037077_C_T	2.300e-02	0.31	2.117e-11
7_15038077_A_G	2.300e-02	0.31	2.153e-11
7_14900482_T_G	2.200e-02	0.32	2.225e-11
2_169718301_G_A	5.400e-02	0.05	2.268e-11
11_61604782_A_T	-2.900e-02	0.15	2.59e-11
7_15038452_C_T	2.300e-02	0.31	2.703e-11
8_118185063_C_G	-2.300e-02	0.47	2.973e-11
2_27556721_G_A	2.100e-02	0.41	3.437e-11
7_14916101_G_A	2.200e-02	0.32	3.556e-11
11_61605215_A_G	-2.900e-02	0.15	3.755e-11
11_61565908_T_C	-2.100e-02	0.38	4.076e-11
7_14908240_C_T	2.100e-02	0.32	4.367e-11
11_61564299_G_T	-2.100e-02	0.38	4.462e-11
7_14869356_C_T	2.100e-02	0.33	4.559e-11
7_14870593_G_C	2.100e-02	0.32	4.637e-11
2_27995781_A_C	-2.300e-02	0.73	4.831e-11
7_14870669_G_A	2.100e-02	0.32	4.834e-11
2_169784940_G_A	3.500e-02	0.08	4.996e-11
2_27755825_G_A	-2.300e-02	0.27	5.217e-11
7_14871856_A_G	2.100e-02	0.33	5.318e-11
7_14914106_T_A	2.100e-02	0.33	5.652e-11
2_27987046_A_C	-2.200e-02	0.73	5.784e-11
7_15021223_A_G	-2.200e-02	0.64	5.978e-11
2_27975394_T_C	-2.300e-02	0.75	6.078e-11
2_27968454_A_C	-2.300e-02	0.74	6.425e-11
2_27980944_C_T	-2.200e-02	0.74	6.442e-11
11_61603358_A_T	-2.900e-02	0.15	6.929e-11
7_14872177_G_A	2.100e-02	0.33	7.009e-11
7_14930390_A_T	2.200e-02	0.33	7.116e-11
7_14930430_A_T	2.200e-02	0.33	7.123e-11
7_14873391_G_C	2.100e-02	0.33	7.423e-11
2_27766284_G_A	-2.200e-02	0.27	7.554e-11
7_14874381_C_T	2.100e-02	0.32	7.852e-11
7_14919378_G_C	2.200e-02	0.32	8.929e-11
2_27783801_T_C	-2.200e-02	0.27	9.212e-11
7_15039605_C_A	-2.100e-02	0.64	9.509e-11
2_27786188_A_T	-2.200e-02	0.27	9.831e-11
7_14888462_T_A	2.100e-02	0.34	1.028e-10
10_113039667_C_T	-3.500e-02	0.08	1.035e-10
15_62396942_G_A	-2.000e-02	0.43	1.042e-10
2_27791555_C_G	-2.200e-02	0.27	1.067e-10
11_61603237_C_T	-2.800e-02	0.15	1.195e-10
10_113038224_A_T	-3.300e-02	0.08	1.258e-10
10_113009258_C_T	-3.500e-02	0.08	1.27e-10
10_113009424_A_G	-3.500e-02	0.08	1.275e-10
2_27853245_C_G	-2.200e-02	0.26	1.301e-10
10_113033128_G_A	-3.500e-02	0.08	1.317e-10
10_113036354_A_G	-3.500e-02	0.08	1.321e-10
2_27801759_A_G	-2.200e-02	0.27	1.322e-10
10_113033224_G_A	-3.500e-02	0.08	1.324e-10
7_44178743_C_T	2.900e-02	0.13	1.359e-10
11_61609750_C_T	-2.100e-02	0.37	1.379e-10
10_113010516_C_T	-3.500e-02	0.08	1.403e-10
2_27851918_G_A	-2.400e-02	0.26	1.438e-10
2_27811722_A_G	-2.200e-02	0.28	1.489e-10
2_27812252_G_A	-2.200e-02	0.27	1.502e-10
10_113028617_C_T	-3.400e-02	0.08	1.507e-10
2_27815510_A_C	-2.200e-02	0.27	1.516e-10
2_27825715_T_C	-2.200e-02	0.27	1.521e-10
2_27832055_A_G	-2.200e-02	0.27	1.533e-10
11_61604814_C_A	-2.100e-02	0.37	1.543e-10
10_113013863_A_G	-3.500e-02	0.08	1.593e-10
10_113014137_G_A	-3.500e-02	0.08	1.612e-10
15_62383155_T_C	-2.000e-02	0.44	1.671e-10
2_27840640_G_C	-2.200e-02	0.27	1.728e-10
11_47249223_G_A	-2.100e-02	0.37	1.74e-10
7_14897922_A_T	2.000e-02	0.35	1.827e-10
15_62396189_C_A	-2.000e-02	0.43	1.832e-10
15_62391608_C_T	-2.000e-02	0.43	1.874e-10
10_112996873_G_A	-3.500e-02	0.08	1.885e-10
2_27988821_G_A	-2.200e-02	0.72	1.919e-10
10_113021531_G_T	-3.400e-02	0.08	1.971e-10
10_113022313_T_C	-3.400e-02	0.08	1.974e-10
15_62394690_C_G	-2.000e-02	0.43	2.07e-10
2_27981655_G_C	2.200e-02	0.24	2.205e-10
11_61597972_A_G	-2.100e-02	0.36	2.307e-10
10_113015309_G_A	-3.500e-02	0.08	2.342e-10
11_61571478_T_C	-2.000e-02	0.36	2.351e-10
11_61603510_C_A	-2.100e-02	0.37	2.416e-10
11_61579760_T_C	-2.100e-02	0.32	2.442e-10
15_62396389_A_G	-2.000e-02	0.43	2.475e-10
10_112981691_G_A	-3.500e-02	0.08	2.596e-10
11_61571348_C_G	-2.100e-02	0.32	2.641e-10
10_112982989_G_A	-3.400e-02	0.08	2.651e-10
11_61569306_C_G	-2.000e-02	0.36	2.664e-10
11_61570783_T_C	-2.000e-02	0.36	2.688e-10
11_47346940_G_A	-2.100e-02	0.37	2.72e-10
10_112982077_C_T	-3.500e-02	0.08	2.895e-10
2_169767148_T_C	9.600e-02	0.02	3.167e-10
10_113028959_C_T	-6.100e-02	0.08	3.172e-10
11_61571382_G_A	-2.100e-02	0.32	3.282e-10
2_169771214_T_C	9.400e-02	0.02	3.285e-10
11_61551356_T_C	-2.000e-02	0.36	3.325e-10
11_61551927_A_C	-2.000e-02	0.36	3.374e-10
11_61580635_C_T	-2.100e-02	0.32	3.411e-10
10_112987924_G_A	-3.400e-02	0.08	3.553e-10
10_113032398_G_T	-3.500e-02	0.08	3.733e-10
11_47302733_C_T	-2.000e-02	0.39	3.919e-10
15_62394264_G_C	-1.900e-02	0.43	4.033e-10
2_169771506_G_C	9.300e-02	0.02	4.388e-10
11_61569830_C_T	-2.000e-02	0.36	4.615e-10
10_112987597_A_G	-3.400e-02	0.08	4.627e-10
2_169708308_A_T	3.000e-02	0.14	4.8e-10
2_27574953_T_C	2.000e-02	0.39	4.818e-10
7_14928665_C_T	-2.100e-02	0.64	4.86e-10
11_47261260_G_A	-2.000e-02	0.39	4.94e-10
10_112986388_G_A	-3.400e-02	0.08	5.081e-10
10_112972505_C_T	-3.400e-02	0.08	5.333e-10
10_112979082_G_A	-3.400e-02	0.08	5.692e-10
11_61552680_G_T	-2.000e-02	0.36	5.747e-10
10_112971811_C_A	-3.400e-02	0.07	5.973e-10
7_44162355_T_C	2.800e-02	0.13	6.046e-10
2_27579231_T_C	2.000e-02	0.39	6.099e-10
10_112971557_C_T	-3.400e-02	0.08	6.19e-10
10_112970951_G_T	-3.400e-02	0.08	6.25e-10
2_27568565_T_C	2.000e-02	0.39	6.494e-10
2_169703974_G_A	-2.200e-02	0.23	6.512e-10
2_27567407_G_T	2.000e-02	0.39	6.548e-10
7_14918063_T_G	2.000e-02	0.36	7.333e-10
2_27550967_A_G	2.000e-02	0.39	7.394e-10
7_14931048_A_G	2.100e-02	0.36	7.431e-10
10_114752503_T_C	2.400e-02	0.25	7.503e-10
8_9177732_T_G	-3.000e-02	0.90	7.614e-10
3_170676134_C_G	-2.100e-02	0.29	8.184e-10
3_170693767_C_G	-2.700e-02	0.14	8.658e-10
7_44183433_G_A	3.000e-02	0.12	8.807e-10
3_170694237_G_A	-2.700e-02	0.14	8.891e-10
3_170686066_A_T	-2.700e-02	0.14	8.952e-10
3_170694060_G_C	-2.700e-02	0.14	9.042e-10
3_170693011_C_T	-2.700e-02	0.14	9.055e-10
2_169704754_T_A	3.000e-02	0.13	9.057e-10
3_170684878_A_G	-2.700e-02	0.14	9.109e-10
3_170684314_T_C	-2.700e-02	0.14	9.252e-10
3_170677123_C_G	-2.700e-02	0.14	9.789e-10
3_170695385_C_T	-2.700e-02	0.14	1.041e-09
11_47318157_T_C	-2.000e-02	0.39	1.045e-09
8_9178268_A_T	-2.900e-02	0.91	1.046e-09
2_27801493_T_C	-2.100e-02	0.27	1.106e-09
3_170695711_G_T	-2.700e-02	0.14	1.11e-09
3_170696065_G_C	-2.700e-02	0.14	1.121e-09
10_114758349_C_T	2.100e-02	0.31	1.14e-09
11_61557803_T_C	-2.000e-02	0.37	1.164e-09
3_170702422_T_G	-2.700e-02	0.14	1.171e-09
11_47363215_G_T	2.000e-02	0.63	1.176e-09
11_47363285_G_A	-2.000e-02	0.37	1.229e-09
8_118190393_A_G	-2.200e-02	0.47	1.248e-09
7_15042607_G_T	-2.000e-02	0.62	1.299e-09
10_113020422_C_G	3.200e-02	0.91	1.317e-09
2_27589810_T_C	1.900e-02	0.38	1.317e-09
3_170684592_A_G	-2.700e-02	0.14	1.337e-09
11_47354905_T_C	-3.300e-02	0.09	1.365e-09
7_15040698_T_G	-2.000e-02	0.62	1.404e-09
10_113023966_G_A	3.100e-02	0.91	1.501e-09
7_15042474_A_C	-2.000e-02	0.62	1.502e-09
2_27600239_G_A	1.900e-02	0.37	1.548e-09
11_48333360_G_A	-2.900e-02	0.13	1.66e-09
3_170713290_T_C	-2.700e-02	0.14	1.672e-09
3_170717521_T_A	-2.700e-02	0.14	1.688e-09
2_27613031_C_A	1.900e-02	0.37	1.709e-09
3_170717996_A_G	-2.700e-02	0.14	1.728e-09
3_170694497_T_C	-2.700e-02	0.14	1.731e-09
3_170710808_G_A	-2.700e-02	0.14	1.773e-09
2_169779205_C_T	8.300e-02	0.02	1.853e-09
3_170718131_C_T	-2.700e-02	0.14	1.866e-09
2_169784413_C_T	8.300e-02	0.02	1.884e-09
3_170723276_G_A	-2.700e-02	0.14	1.906e-09
2_27637235_C_T	1.900e-02	0.37	1.911e-09
3_170705693_A_G	-2.000e-02	0.29	1.94e-09
2_27592423_C_T	1.900e-02	0.38	1.944e-09
7_15044127_G_T	-1.900e-02	0.61	2.024e-09
3_170709193_C_T	-2.000e-02	0.29	2.044e-09
10_113022555_C_T	3.100e-02	0.91	2.053e-09
7_44171205_G_T	2.700e-02	0.13	2.056e-09
3_170695426_G_A	-2.000e-02	0.29	2.16e-09
11_92716824_G_A	9.400e-02	0.02	2.197e-09
10_113029377_A_G	3.100e-02	0.91	2.334e-09
10_113032991_G_A	3.100e-02	0.91	2.363e-09
2_27995931_G_A	-2.100e-02	0.74	2.488e-09
10_113029061_C_A	3.100e-02	0.91	2.565e-09
2_27715416_C_T	1.900e-02	0.38	2.572e-09
10_113024407_C_A	3.100e-02	0.91	2.626e-09
5_95539448_C_T	2.000e-02	0.66	2.697e-09
2_169733043_T_G	-2.400e-02	0.83	2.752e-09
3_170711968_G_A	-2.600e-02	0.14	2.768e-09
3_170725542_G_A	-2.600e-02	0.14	2.951e-09
7_14877519_G_C	3.300e-02	0.08	3.048e-09
5_95542726_C_A	-2.000e-02	0.34	3.159e-09
3_170725730_C_T	-2.600e-02	0.14	3.17e-09
2_169771420_A_C	8.700e-02	0.02	3.183e-09
8_9183358_A_G	-3.000e-02	0.92	3.226e-09
8_9183596_A_G	-3.000e-02	0.92	3.354e-09
10_113036224_G_C	3.100e-02	0.91	3.444e-09
3_170726363_C_G	-2.600e-02	0.14	3.482e-09
8_9184231_G_A	-3.000e-02	0.92	3.488e-09
3_170727408_A_G	-2.600e-02	0.14	3.829e-09
3_170729873_G_C	-2.600e-02	0.14	3.914e-09
3_170722448_A_G	-2.600e-02	0.14	4.261e-09
3_170727658_G_A	-2.600e-02	0.14	4.379e-09
2_27595756_G_C	1.800e-02	0.38	4.391e-09
11_45870177_A_G	-2.200e-02	0.52	4.441e-09
10_113032726_T_C	3.100e-02	0.91	4.528e-09
2_27608115_C_T	1.800e-02	0.38	4.696e-09
2_27611469_A_G	1.800e-02	0.38	4.814e-09
2_27626945_A_T	1.800e-02	0.38	5.126e-09
9_4291928_A_C	1.900e-02	0.38	5.227e-09
7_14843872_G_C	3.100e-02	0.08	5.263e-09
2_27631191_C_T	1.800e-02	0.38	5.312e-09
2_27635582_A_G	1.800e-02	0.38	5.424e-09
2_27646770_C_T	1.800e-02	0.38	5.448e-09
2_27728777_C_G	1.800e-02	0.38	5.46e-09
2_27640325_A_G	1.800e-02	0.38	5.465e-09
7_14846207_A_G	3.100e-02	0.08	5.499e-09
2_27644464_A_C	1.800e-02	0.38	5.523e-09
7_14846352_T_A	3.100e-02	0.08	5.532e-09
3_170724390_G_A	-2.600e-02	0.14	5.795e-09
2_27860258_G_A	-2.100e-02	0.69	6.16e-09
2_27652153_G_T	1.800e-02	0.38	6.425e-09
2_27659491_T_C	1.800e-02	0.39	6.547e-09
2_27663215_T_A	1.800e-02	0.39	6.552e-09
2_27684734_A_G	1.800e-02	0.39	6.672e-09
2_27733452_G_A	1.800e-02	0.38	6.695e-09
2_27698343_C_G	1.800e-02	0.39	6.705e-09
7_15045529_A_G	1.900e-02	0.40	6.709e-09
3_123065778_A_G	-2.200e-02	0.18	6.79e-09
2_27729480_G_A	1.800e-02	0.38	6.804e-09
7_14848262_T_C	3.100e-02	0.08	7.191e-09
10_114756041_A_T	1.900e-02	0.33	7.238e-09
11_61623140_C_T	-2.000e-02	0.40	7.314e-09
7_15045993_G_A	-1.900e-02	0.60	7.454e-09
7_15046006_G_C	1.900e-02	0.40	7.691e-09
2_169753595_G_A	-3.000e-02	0.90	7.725e-09
11_61623793_G_A	-3.100e-02	0.11	7.857e-09
3_170732300_G_A	-2.600e-02	0.14	7.868e-09
2_27663416_G_T	1.800e-02	0.39	8.358e-09
2_27677691_G_A	1.800e-02	0.39	8.477e-09
2_27667297_A_G	1.800e-02	0.38	8.908e-09
2_27952406_C_T	-2.100e-02	0.77	9.009e-09
2_27958855_C_G	-2.100e-02	0.76	9.092e-09
2_27693485_T_C	1.800e-02	0.39	9.143e-09
2_169754763_G_A	-3.000e-02	0.90	9.197e-09
2_27688601_C_T	1.800e-02	0.38	9.397e-09
2_27657167_T_C	1.800e-02	0.39	9.455e-09
2_27681598_A_C	1.800e-02	0.39	1.005e-08
11_61616012_A_G	-2.900e-02	0.11	1.023e-08
3_170724883_T_C	-1.900e-02	0.29	1.112e-08
2_27716494_G_A	1.800e-02	0.39	1.125e-08
3_170715830_G_A	-1.900e-02	0.29	1.176e-08
11_61543499_T_C	-1.800e-02	0.39	1.336e-08
7_14943333_A_G	2.500e-02	0.18	1.762e-08
10_113048321_C_T	-2.800e-02	0.11	1.885e-08
5_95539536_C_T	1.800e-02	0.66	1.891e-08
2_27558252_A_G	1.800e-02	0.42	1.933e-08
10_114788815_T_C	2.000e-02	0.28	1.945e-08
2_27721971_T_C	1.800e-02	0.39	2.115e-08
2_27722416_G_A	1.800e-02	0.38	2.121e-08
2_27839369_T_C	-1.900e-02	0.28	2.34e-08
7_44274642_T_G	2.100e-02	0.39	2.466e-08
2_169740118_T_C	-2.400e-02	0.84	2.543e-08
2_27967260_G_C	-2.300e-02	0.20	2.614e-08
2_169739898_C_T	-2.400e-02	0.84	2.623e-08
2_27743423_G_A	1.800e-02	0.38	2.785e-08
10_114754088_T_C	1.900e-02	0.32	2.878e-08
11_72432985_G_A	-2.300e-02	0.16	2.919e-08
11_72433098_A_C	-2.300e-02	0.16	2.955e-08
2_27910706_A_C	-2.100e-02	0.23	3.111e-08
5_95630705_C_G	-1.800e-02	0.34	3.314e-08
11_47345100_T_C	1.800e-02	0.31	3.336e-08
2_169769027_A_C	1.700e-02	0.46	3.358e-08
2_27972833_A_G	-2.700e-02	0.13	3.773e-08
2_27746832_A_C	1.700e-02	0.39	3.871e-08
20_22557099_G_A	-4.200e-02	0.07	3.893e-08
11_61601908_A_G	-2.800e-02	0.10	4.021e-08
11_47315274_T_A	1.800e-02	0.31	4.031e-08
5_95630225_A_T	-1.800e-02	0.34	4.055e-08
11_47316691_A_C	1.800e-02	0.31	4.237e-08
2_27892023_A_T	-2.100e-02	0.22	4.239e-08
11_47305669_T_G	1.800e-02	0.31	4.298e-08
11_61600342_A_C	2.100e-02	0.63	4.441e-08
2_169703751_T_A	-2.100e-02	0.32	4.779e-08
11_47327217_G_A	1.800e-02	0.31	4.805e-08
20_22516755_G_A	-4.300e-02	0.07	4.884e-08
20_22560689_A_G	-4.200e-02	0.07	4.975e-08
11_47461693_G_A	-1.800e-02	0.29	5.006e-08
11_47333685_C_A	1.800e-02	0.31	5.089e-08
13_28463938_C_T	2.200e-02	0.24	5.129e-08
11_47290984_T_G	1.800e-02	0.31	5.441e-08
11_47354787_C_T	1.800e-02	0.32	5.486e-08
11_61605499_T_A	-2.100e-02	0.37	5.498e-08
11_47712213_C_T,A	-2.400e-02	0.12	5.656e-08
20_22516729_C_T	-4.300e-02	0.07	5.989e-08
11_47294626_T_C	1.800e-02	0.31	6.202e-08
11_47348702_T_C	1.800e-02	0.32	6.257e-08
2_169757432_G_A	9.800e-02	0.01	6.268e-08
2_27878686_T_C	2.100e-02	0.22	6.722e-08
2_27855397_A_T	2.000e-02	0.21	6.805e-08
20_22548698_C_G	-4.000e-02	0.08	6.807e-08
2_27873326_C_G	2.000e-02	0.21	6.81e-08
11_45846619_G_T	-1.700e-02	0.65	6.818e-08
20_22560971_T_C	-4.100e-02	0.07	6.834e-08
3_123082398_T_C	-2.000e-02	0.18	6.911e-08
2_27839832_C_G	2.000e-02	0.20	7.016e-08
11_47399602_G_A	-1.700e-02	0.35	7.163e-08
3_170572112_C_T	-2.300e-02	0.14	7.249e-08
7_14926914_C_T	-1.900e-02	0.63	7.426e-08
11_48009074_C_T	-2.400e-02	0.13	7.492e-08
2_169738386_A_C	-2.200e-02	0.84	7.542e-08
9_111680359_T_G	-5.200e-02	0.03	7.815e-08
11_47407439_C_A	-1.700e-02	0.35	7.905e-08
9_4293150_A_C	1.700e-02	0.54	7.97e-08
8_9183664_A_G	-3.200e-02	0.92	8.414e-08
8_9184691_T_C	-2.600e-02	0.91	8.466e-08
2_27818721_C_G	2.000e-02	0.20	8.91e-08
11_47532395_T_G	-1.800e-02	0.25	8.911e-08
2_27830067_A_G	2.000e-02	0.20	8.929e-08
10_114767771_G_A	1.800e-02	0.33	9.011e-08
20_22556593_A_C	-4.200e-02	0.07	9.237e-08
2_27789861_T_A	2.000e-02	0.20	9.315e-08
20_22515330_C_G	-4.200e-02	0.07	1.003e-07
2_27152874_C_T	1.900e-02	0.22	1.006e-07
2_27838549_G_A	2.000e-02	0.20	1.065e-07
2_27839539_T_C	-1.800e-02	0.28	1.089e-07
7_44189023_T_C	1.800e-02	0.50	1.102e-07
2_27895073_C_T	-2.500e-02	0.13	1.145e-07
15_62420805_G_C	1.900e-02	0.75	1.167e-07
2_27808154_T_C	2.000e-02	0.20	1.197e-07
2_27933642_C_T	-2.000e-02	0.22	1.198e-07
2_27932587_A_G	-2.000e-02	0.22	1.198e-07
2_27934731_G_A	-2.000e-02	0.23	1.232e-07
11_61597212_C_T	-2.300e-02	0.16	1.235e-07
11_61560081_G_A	-1.800e-02	0.33	1.284e-07
1_214147889_T_C	-1.600e-02	0.48	1.36e-07
11_47360412_T_C	1.700e-02	0.35	1.37e-07
2_27796927_A_G	2.000e-02	0.20	1.413e-07
7_44276691_C_T	2.100e-02	0.26	1.43e-07
11_47659135_G_A	-1.800e-02	0.25	1.457e-07
20_22515495_T_C	-4.200e-02	0.07	1.522e-07
11_47246397_G_A	-1.800e-02	0.69	1.527e-07
2_28003174_G_T	-2.200e-02	0.20	1.582e-07
11_45922690_G_A	-1.900e-02	0.72	1.586e-07
8_9187242_A_G	-2.600e-02	0.91	1.613e-07
20_22549369_T_C	-3.900e-02	0.08	1.635e-07
11_45916781_A_G	-2.000e-02	0.71	1.698e-07
8_9185146_T_C	-2.600e-02	0.91	1.772e-07
11_47251199_G_A	-1.700e-02	0.70	1.786e-07
7_44189321_A_G	1.700e-02	0.50	1.791e-07
2_27951658_T_C	-1.900e-02	0.78	1.794e-07
1_214145706_C_T	1.600e-02	0.48	1.883e-07
10_113042093_T_G	2.500e-02	0.89	1.921e-07
2_169427769_T_C	2.600e-02	0.89	2.034e-07
3_170574165_C_T	-2.300e-02	0.14	2.059e-07
11_47286290_T_C	1.700e-02	0.30	2.077e-07
7_14874799_A_G	3.000e-02	0.10	2.083e-07
3_123070517_C_T	-2.100e-02	0.18	2.083e-07
16_54727937_G_A	1.700e-02	0.34	2.084e-07
15_62424649_C_T	-1.900e-02	0.25	2.094e-07
13_28458869_A_G	-2.000e-02	0.27	2.141e-07
11_47259668_T_C	-1.700e-02	0.69	2.174e-07
11_47260272_T_C	1.700e-02	0.31	2.207e-07
20_22559601_A_G	-3.700e-02	0.07	2.215e-07
3_170744815_T_C	-1.800e-02	0.29	2.216e-07
2_169433333_T_C	2.600e-02	0.89	2.229e-07
11_47260319_A_G	1.700e-02	0.31	2.265e-07
20_22518523_A_C	4.200e-02	0.93	2.276e-07
2_169752190_G_A	6.700e-02	0.02	2.28e-07
20_22549179_T_C	-3.900e-02	0.07	2.287e-07
2_169430365_T_C	2.600e-02	0.89	2.287e-07
2_169428835_T_A	2.600e-02	0.89	2.321e-07
11_47929846_G_A	-1.800e-02	0.27	2.353e-07
15_62396198_C_T	-2.300e-02	0.22	2.435e-07
20_22534036_G_A	-4.100e-02	0.07	2.451e-07
20_22534141_A_G	-4.100e-02	0.07	2.512e-07
2_169428016_T_C	2.600e-02	0.89	2.567e-07
2_169818035_T_C	1.900e-02	0.27	2.697e-07
15_62445526_G_A	-2.100e-02	0.20	2.727e-07
10_114808902_G_T	1.800e-02	0.28	2.743e-07
2_169451862_G_A	-2.600e-02	0.10	2.757e-07
2_169465934_A_G	-2.600e-02	0.10	2.769e-07
2_169463872_C_G	-2.600e-02	0.11	2.803e-07
2_27928797_T_C	-2.000e-02	0.23	2.827e-07
14_90034849_C_T	-1.700e-02	0.62	2.872e-07
2_28001051_C_A	1.900e-02	0.22	2.95e-07
20_22546186_G_A	-3.800e-02	0.08	2.997e-07
2_169813396_G_A	1.900e-02	0.31	3.044e-07
13_28479685_C_T	1.900e-02	0.23	3.073e-07
11_92719681_C_T	-2.500e-02	0.16	3.146e-07
20_22548294_C_T	-3.800e-02	0.08	3.232e-07
13_28476554_C_A	1.900e-02	0.23	3.445e-07
2_169423016_C_T	-2.700e-02	0.11	3.499e-07
3_170710456_C_T	-2.500e-02	0.11	3.562e-07
20_22535621_T_G	-3.800e-02	0.08	3.585e-07
20_22546921_T_C	-3.800e-02	0.08	3.626e-07
14_90034972_G_A	-1.600e-02	0.59	3.642e-07
11_92727089_G_A	5.600e-02	0.54	3.752e-07
2_27706640_T_C	1.600e-02	0.41	3.758e-07
2_28029649_A_G	1.900e-02	0.23	3.787e-07
11_92818649_T_C	-2.000e-02	0.80	3.874e-07
20_22544749_T_C	-3.800e-02	0.08	3.884e-07
20_22537933_T_C	-3.800e-02	0.08	3.914e-07
11_92817702_C_T	-2.000e-02	0.80	3.943e-07
1_214154547_T_G	-1.600e-02	0.47	3.978e-07
13_28479494_T_C	-1.800e-02	0.27	4.078e-07
13_28487599_A_G	1.900e-02	0.23	4.256e-07
2_169426343_G_A	-2.600e-02	0.11	4.266e-07
20_22541816_T_C	-3.800e-02	0.08	4.334e-07
20_22540321_T_A	-3.800e-02	0.08	4.412e-07
20_22540915_A_C	-3.800e-02	0.08	4.484e-07
13_28495220_A_C	-1.800e-02	0.27	4.492e-07
16_54730864_A_C	1.700e-02	0.35	4.513e-07
20_22541920_A_G	-3.800e-02	0.08	4.53e-07
20_22542023_A_C	-3.800e-02	0.08	4.673e-07
8_118236191_T_C	-1.700e-02	0.44	4.677e-07
20_22542521_T_C	-3.800e-02	0.08	4.678e-07
20_22543034_C_A	-3.800e-02	0.08	4.684e-07
7_14856925_T_C	-1.600e-02	0.54	4.689e-07
13_28469952_T_G	-1.800e-02	0.27	4.714e-07
11_47811309_A_C	-1.700e-02	0.28	4.749e-07
7_14856115_T_G	2.100e-02	0.19	4.759e-07
13_28480396_T_C	-1.800e-02	0.27	4.815e-07
11_47600438_C_T	-1.800e-02	0.25	4.839e-07
20_22543700_A_G	-3.800e-02	0.08	4.857e-07
11_47836302_T_A	-1.700e-02	0.27	4.867e-07
7_14865883_G_A	-1.500e-02	0.53	4.919e-07
13_28479804_T_C	-1.800e-02	0.27	5.063e-07
16_54734507_C_A	1.700e-02	0.34	5.105e-07
11_8243798_A_G	-1.700e-02	0.46	5.144e-07
11_45932800_T_A	1.900e-02	0.23	5.147e-07
12_121938185_C_G	-1.900e-02	0.39	5.182e-07
11_47467172_A_T	-1.700e-02	0.30	5.26e-07
13_28491198_G_A	1.900e-02	0.23	5.476e-07
2_169489534_T_C	-2.600e-02	0.11	5.58e-07
2_169817403_C_T	1.700e-02	0.31	5.74e-07
2_27827196_G_T	1.900e-02	0.20	5.77e-07
20_22548283_C_T	-3.700e-02	0.08	5.82e-07
2_169764176_G_C	1.500e-02	0.45	5.84e-07
20_22537865_G_A	-3.900e-02	0.07	5.853e-07
2_169765737_A_G	1.500e-02	0.45	5.865e-07
2_27519153_G_T	1.700e-02	0.24	5.943e-07
5_95709132_T_C	-1.700e-02	0.30	5.949e-07
2_169690089_C_T	-2.200e-02	0.85	5.969e-07
2_169765377_A_T	1.500e-02	0.45	5.977e-07
16_54732235_G_A	1.700e-02	0.34	5.98e-07
2_27519254_G_A	1.700e-02	0.24	5.99e-07
2_28018293_A_G	1.900e-02	0.22	6.018e-07
10_113010359_G_A	-2.500e-02	0.34	6.026e-07
11_47275064_G_A	1.700e-02	0.27	6.057e-07
2_28058226_C_T	1.800e-02	0.23	6.089e-07
8_118230236_C_T	-1.600e-02	0.44	6.188e-07
20_22516184_T_C	-4.000e-02	0.07	6.255e-07
8_118236975_A_T	-1.700e-02	0.44	6.275e-07
2_28002002_T_C	1.900e-02	0.22	6.283e-07
2_27420690_C_T	-1.700e-02	0.72	6.345e-07
20_22541476_C_G	-3.700e-02	0.08	6.463e-07
2_169456093_G_A	-2.700e-02	0.11	6.5e-07
11_47474146_T_G	-1.700e-02	0.26	6.526e-07
2_169700463_T_C	-2.200e-02	0.85	6.582e-07
8_118236971_C_T	-1.700e-02	0.44	6.585e-07
11_47466442_G_A	-1.600e-02	0.31	6.67e-07
2_27528692_T_C	1.700e-02	0.24	6.705e-07
2_169719703_C_G	-2.000e-02	0.84	7.024e-07
2_169594615_G_A	3.100e-02	0.95	7.046e-07
20_22527036_A_T	-4.000e-02	0.07	7.062e-07
2_169731333_C_G	-2.000e-02	0.84	7.079e-07
8_118232629_A_G	-1.600e-02	0.45	7.123e-07
2_169721377_G_A	-2.000e-02	0.84	7.169e-07
2_169720215_G_T	-2.000e-02	0.84	7.21e-07
2_169719951_T_G	-2.000e-02	0.84	7.213e-07
8_118231642_G_C	-1.600e-02	0.44	7.216e-07
2_169719806_A_G	-2.000e-02	0.84	7.285e-07
7_15066544_G_T	-2.800e-02	0.30	7.347e-07
2_169734975_C_A	-2.000e-02	0.84	7.352e-07
2_169719873_T_C	-2.000e-02	0.84	7.359e-07
1_214148628_A_G	-1.500e-02	0.46	7.432e-07
2_28063994_C_T	1.800e-02	0.23	7.452e-07
2_27536380_T_C	1.700e-02	0.24	7.577e-07
7_14868813_G_A	-1.500e-02	0.52	7.637e-07
2_28019175_G_A	1.800e-02	0.23	7.768e-07
20_22531652_C_T	-4.000e-02	0.07	7.774e-07
2_28065404_A_G	1.800e-02	0.23	7.787e-07
11_72409189_C_T	-1.700e-02	0.27	7.834e-07
2_169718981_A_G	-2.000e-02	0.84	7.89e-07
8_118229762_C_T	-1.600e-02	0.44	7.916e-07
2_28023120_T_C	1.800e-02	0.23	8.072e-07
2_169717624_C_T	-2.000e-02	0.84	8.113e-07
11_47394305_C_T	-1.600e-02	0.38	8.195e-07
5_95717440_T_C	-1.700e-02	0.30	8.28e-07
2_28344285_G_A	-2.600e-02	0.10	8.326e-07
3_170735099_G_A	-1.800e-02	0.26	8.477e-07
7_14869205_A_G	-1.500e-02	0.53	8.482e-07
2_28020966_T_A	1.800e-02	0.22	8.504e-07
20_22524331_A_T	-4.000e-02	0.07	8.516e-07
2_27416702_A_T	-1.700e-02	0.70	8.525e-07
1_214159256_T_C	1.600e-02	0.54	8.558e-07
2_169594581_T_C	3.000e-02	0.95	8.615e-07
8_118189531_C_T	-1.700e-02	0.60	8.938e-07
11_46300722_G_A	-1.600e-02	0.56	9.019e-07
2_27703495_A_G	1.600e-02	0.41	9.228e-07
5_95719667_G_C	-1.700e-02	0.30	9.235e-07
2_28069713_T_G	1.800e-02	0.24	9.236e-07
2_28071190_A_G	1.800e-02	0.24	9.257e-07
2_27147272_A_G	1.600e-02	0.36	9.275e-07
5_95719804_A_G	-1.700e-02	0.30	9.316e-07
2_28074824_C_T	1.800e-02	0.24	9.47e-07
2_28032137_G_C	1.800e-02	0.22	9.612e-07
2_28076248_T_C	1.800e-02	0.24	9.653e-07
2_28075298_A_G	1.800e-02	0.24	9.684e-07
2_27802805_A_G	1.900e-02	0.20	9.721e-07
5_95720359_T_C	-1.700e-02	0.30	9.775e-07
2_28069543_A_T	1.800e-02	0.24	9.862e-07
3_170736708_A_T	-2.700e-02	0.14	9.887e-07
2_28072979_C_G	1.800e-02	0.24	9.936e-07
3_170670279_C_T	-2.600e-02	0.10	1.055e-06
11_92726479_G_A	5.000e-02	0.52	1.065e-06
2_169687680_A_G	-2.100e-02	0.85	1.076e-06
2_28039300_G_C	1.800e-02	0.21	1.083e-06
2_28041200_T_C	1.800e-02	0.21	1.099e-06
2_28040525_C_A	1.800e-02	0.21	1.102e-06
2_28040276_G_A	1.800e-02	0.21	1.104e-06
2_28041273_A_G	1.800e-02	0.21	1.106e-06
2_28042059_C_T	1.800e-02	0.20	1.106e-06
5_95695673_C_T	-1.600e-02	0.30	1.117e-06
3_123093530_T_C	1.800e-02	0.80	1.13e-06
13_28479963_A_G	-1.700e-02	0.27	1.131e-06
2_28037140_T_A	1.800e-02	0.21	1.132e-06
2_28057823_T_C	1.800e-02	0.23	1.134e-06
2_28034384_C_T	1.800e-02	0.21	1.147e-06
3_123096820_T_C	1.800e-02	0.80	1.152e-06
3_170693708_A_G	-2.400e-02	0.11	1.161e-06
2_28034680_A_T	1.800e-02	0.21	1.174e-06
11_47416746_C_T	-1.500e-02	0.38	1.176e-06
3_170691812_G_A	-2.400e-02	0.11	1.204e-06
15_62395865_G_A	-2.500e-02	0.11	1.205e-06
3_172046113_T_C	-1.800e-02	0.25	1.217e-06
11_47418953_C_G	-1.500e-02	0.37	1.234e-06
21_39597894_C_T	-4.600e-02	0.52	1.241e-06
9_4291268_C_T	-1.500e-02	0.45	1.244e-06
2_169718902_T_C	-2.000e-02	0.84	1.249e-06
16_54730766_A_C	-1.500e-02	0.44	1.251e-06
8_9175958_C_G	1.800e-02	0.22	1.265e-06
3_170739663_G_A	-2.700e-02	0.14	1.286e-06
14_90033046_T_C	-1.600e-02	0.62	1.289e-06
13_60361396_C_T	7.400e-02	0.02	1.292e-06
9_22134094_T_C	-1.900e-02	0.16	1.296e-06
11_47419663_G_T	-1.500e-02	0.37	1.341e-06
20_22524081_C_T	-3.800e-02	0.08	1.395e-06
2_27152735_G_A	-1.500e-02	0.64	1.405e-06
20_22532012_T_A	-3.900e-02	0.07	1.418e-06
2_27157396_G_A	1.500e-02	0.36	1.48e-06
20_22537312_A_G	-3.500e-02	0.08	1.497e-06
15_62434797_C_G	-1.600e-02	0.36	1.502e-06
11_45839032_A_T	1.700e-02	0.24	1.507e-06
15_62433962_A_G	-1.600e-02	0.36	1.518e-06
2_27157788_T_C	1.500e-02	0.36	1.527e-06
2_27158623_G_T	1.500e-02	0.36	1.532e-06
9_4289050_C_A	1.500e-02	0.52	1.537e-06
3_170671429_C_A	-1.700e-02	0.25	1.563e-06
11_72405450_C_T	-1.700e-02	0.27	1.583e-06
11_46297631_A_C	-1.500e-02	0.49	1.593e-06
3_170740071_G_C	-2.700e-02	0.14	1.612e-06
1_214148772_G_T	-1.500e-02	0.46	1.613e-06
3_170675588_G_A	-2.400e-02	0.11	1.616e-06
2_169429220_A_G	2.500e-02	0.89	1.639e-06
2_27159341_G_A	-1.500e-02	0.64	1.667e-06
2_27743154_A_G	2.100e-02	0.17	1.685e-06
2_27137616_G_A	1.500e-02	0.35	1.708e-06
2_27844601_T_G	1.800e-02	0.20	1.715e-06
2_169737912_A_G	-2.000e-02	0.84	1.721e-06
2_28090820_T_C	-1.700e-02	0.77	1.735e-06
2_27161060_A_G	-1.500e-02	0.64	1.761e-06
3_123049938_A_C	1.600e-02	0.59	1.787e-06
20_22514621_C_T	-3.900e-02	0.06	1.808e-06
2_27142091_G_A	-1.500e-02	0.65	1.809e-06
5_95716722_A_G	-1.600e-02	0.30	1.809e-06
11_47434986_G_A	-1.600e-02	0.31	1.824e-06
1_214148246_G_A	-1.500e-02	0.39	1.841e-06
7_14866959_G_T	-1.500e-02	0.49	1.847e-06
2_27441302_C_G	-1.600e-02	0.72	1.874e-06
3_170674865_A_C	-2.400e-02	0.11	1.875e-06
2_28057524_T_C	1.800e-02	0.20	1.875e-06
2_28057359_C_T	1.800e-02	0.20	1.879e-06
11_92807099_T_C	-1.500e-02	0.41	1.886e-06
3_170724036_T_C	-2.400e-02	0.11	1.895e-06
5_95674266_C_T	-1.600e-02	0.32	1.904e-06
2_27163044_T_C	-1.500e-02	0.64	1.912e-06
6_39046794_G_A	-7.100e-02	0.01	1.947e-06
7_14861888_A_G	-1.500e-02	0.50	1.962e-06
8_118221096_G_C	-1.600e-02	0.60	1.992e-06
9_4290823_A_T	1.500e-02	0.44	2.003e-06
2_28050951_C_T	1.800e-02	0.22	2.011e-06
2_27164806_G_A	-1.500e-02	0.64	2.031e-06
3_123066485_G_T	1.500e-02	0.56	2.051e-06
15_62437363_T_A	-1.600e-02	0.37	2.052e-06
15_62416585_C_T	-2.300e-02	0.13	2.073e-06
8_118222398_G_A	-1.600e-02	0.60	2.074e-06
7_14972966_T_C	4.900e-02	0.05	2.082e-06
2_28038080_C_T	1.800e-02	0.21	2.084e-06
1_214154719_G_T	-1.600e-02	0.38	2.115e-06
7_14899308_C_T	-1.500e-02	0.49	2.118e-06
9_22132076_A_G	-1.900e-02	0.17	2.126e-06
7_14896580_C_A	-1.500e-02	0.49	2.131e-06
1_214145731_C_G	1.500e-02	0.58	2.17e-06
8_118234147_A_G	-1.600e-02	0.45	2.171e-06
7_14889469_G_A	-1.500e-02	0.49	2.211e-06
2_27149258_T_A	1.500e-02	0.36	2.235e-06
4_185726548_C_T	1.600e-02	0.40	2.239e-06
15_62433512_G_C	-1.700e-02	0.26	2.253e-06
2_28038799_C_T	1.800e-02	0.20	2.358e-06
3_170724955_C_T,G	-2.400e-02	0.11	2.383e-06
2_169415773_T_C	2.600e-02	0.91	2.387e-06
20_22519364_C_T	3.900e-02	0.93	2.401e-06
9_4283137_G_T	-1.500e-02	0.56	2.419e-06
8_118217307_T_C	-1.600e-02	0.60	2.421e-06
11_47530024_G_A	-1.600e-02	0.28	2.433e-06
11_92735804_A_C	1.600e-02	0.59	2.436e-06
9_4290085_G_C	1.500e-02	0.44	2.488e-06
11_47509137_G_C	-1.600e-02	0.28	2.495e-06
3_123068024_G_A	-1.500e-02	0.41	2.51e-06
2_27424636_G_A	-1.600e-02	0.71	2.542e-06
7_14891202_C_A	-1.500e-02	0.49	2.612e-06
2_27452784_T_C	1.600e-02	0.28	2.635e-06
16_54739821_C_T	1.700e-02	0.34	2.637e-06
11_47423340_C_T	-1.500e-02	0.38	2.666e-06
2_27167784_C_T	1.800e-02	0.35	2.677e-06
7_50760220_G_A	-1.700e-02	0.79	2.685e-06
2_27460968_A_G	1.600e-02	0.28	2.689e-06
2_27462405_T_A	1.600e-02	0.28	2.703e-06
15_62439166_A_G	-1.500e-02	0.37	2.705e-06
2_27419282_T_G	-1.600e-02	0.72	2.715e-06
7_14861101_T_C	-1.500e-02	0.50	2.727e-06
11_47568344_C_G	-1.600e-02	0.28	2.752e-06
15_62435156_T_C	-1.600e-02	0.37	2.757e-06
11_47572279_G_A	-1.600e-02	0.28	2.764e-06
11_47410888_G_T	-1.500e-02	0.38	2.77e-06
2_27443196_A_G	1.600e-02	0.28	2.798e-06
2_27449293_C_G	1.600e-02	0.28	2.805e-06
20_22567942_C_T	-3.800e-02	0.06	2.818e-06
2_28055881_A_G	1.800e-02	0.20	2.819e-06
20_22514606_G_A	-3.800e-02	0.06	2.822e-06
9_22130515_G_A	-2.500e-02	0.10	2.824e-06
10_120137661_G_A	1.400e+00	0.0040	2.832e-06
6_153404825_G_A	-1.400e-02	0.51	2.841e-06
2_27426878_C_T	-1.600e-02	0.72	2.851e-06
12_119555887_C_T	3.100e-02	0.07	2.855e-06
8_118182924_A_C	-2.000e-02	0.80	2.912e-06
3_170747810_A_G	-2.600e-02	0.12	2.929e-06
2_27430781_A_G	-1.600e-02	0.72	2.946e-06
11_61547237_C_T	-1.500e-02	0.34	2.95e-06
9_22133284_G_A	-1.900e-02	0.16	2.976e-06
11_92796899_G_A	-1.800e-02	0.79	2.977e-06
11_92797008_T_G	-1.800e-02	0.79	2.978e-06
11_92797770_T_A	-1.800e-02	0.79	2.992e-06
2_135210135_G_A	-7.900e-02	0.03	3.056e-06
2_27450724_G_A	1.600e-02	0.28	3.057e-06
2_27432547_A_G	-1.600e-02	0.72	3.073e-06
2_28299267_A_G	-1.700e-02	0.73	3.078e-06
2_28090059_T_C	-1.700e-02	0.77	3.082e-06
2_28076708_C_G	1.800e-02	0.20	3.126e-06
2_28073894_C_T	1.800e-02	0.20	3.126e-06
7_14886475_G_A	-1.500e-02	0.48	3.13e-06
15_62404382_C_T	-1.600e-02	0.27	3.156e-06
9_22130065_A_G	-2.500e-02	0.10	3.186e-06
1_214150445_T_A	5.200e-02	0.05	3.193e-06
2_27150891_G_A	1.500e-02	0.36	3.203e-06
20_22568595_G_T	-3.800e-02	0.06	3.238e-06
2_28098724_G_A	-1.700e-02	0.76	3.241e-06
2_27140099_A_C	1.500e-02	0.35	3.252e-06
2_28079344_C_A	1.700e-02	0.24	3.26e-06
15_62382883_T_G	-1.800e-02	0.22	3.261e-06
6_20734076_A_C	-1.600e-02	0.33	3.27e-06
7_14887734_G_A	-1.500e-02	0.48	3.318e-06
2_28101938_C_T	-1.700e-02	0.76	3.321e-06
9_22129579_C_T	-2.200e-02	0.13	3.332e-06
2_28078994_G_A	1.700e-02	0.24	3.335e-06
3_170727218_G_A	-2.300e-02	0.11	3.337e-06
11_92795490_C_T	-1.800e-02	0.79	3.34e-06
1_85121097_A_G	1.900e+00	0.02	3.356e-06
11_47440758_G_A	-1.500e-02	0.37	3.411e-06
6_20774313_T_C	-1.500e-02	0.44	3.427e-06
20_22571204_A_T	-3.800e-02	0.06	3.472e-06
2_27168411_G_A	1.500e-02	0.35	3.496e-06
2_169589698_G_A	2.900e-02	0.95	3.507e-06
15_62405255_G_A	-1.700e-02	0.22	3.526e-06
6_20744727_C_T	-1.600e-02	0.33	3.543e-06
4_18124727_T_C	-2.200e-02	0.22	3.545e-06
2_27137671_C_T	1.500e-02	0.35	3.548e-06
20_22571208_T_G	-3.800e-02	0.06	3.579e-06
6_20751241_C_G	-1.400e-02	0.45	3.621e-06
20_22514197_A_T	-3.700e-02	0.06	3.63e-06
11_47447346_C_T	-1.500e-02	0.37	3.676e-06
21_39604621_T_G	-4.400e-02	0.52	3.687e-06
11_61549458_A_G	-1.500e-02	0.35	3.7e-06
3_123094451_T_C	1.700e-02	0.80	3.749e-06
3_123052990_C_G	1.500e-02	0.57	3.756e-06
11_92792821_C_T	-1.800e-02	0.79	3.789e-06
8_60215990_G_A	2.500e-02	0.16	3.814e-06
20_22572504_T_C	-3.800e-02	0.06	3.825e-06
2_27488432_G_C	1.600e-02	0.28	3.829e-06
8_118183587_A_G	-1.900e-02	0.80	3.836e-06
20_22573936_C_A	-3.800e-02	0.06	3.87e-06
2_27743215_A_G	1.900e-02	0.17	3.923e-06
8_118183892_T_C	-1.900e-02	0.80	3.953e-06
2_27128529_T_C	1.500e-02	0.35	3.96e-06
10_120118692_G_A	1.300e+00	0.0040	4.014e-06
6_67980431_T_A	6.400e-02	0.98	4.032e-06
2_28209283_C_T	-1.700e-02	0.76	4.087e-06
2_28219941_A_G	-1.700e-02	0.76	4.087e-06
3_123095312_G_A	-1.700e-02	0.20	4.096e-06
15_62407043_G_C	-1.700e-02	0.22	4.108e-06
1_214163675_G_A	1.500e-02	0.47	4.113e-06
7_14856174_T_C	-1.500e-02	0.41	4.166e-06
2_27178129_G_A	-1.500e-02	0.65	4.236e-06
2_28113911_A_G	-1.900e-02	0.20	4.236e-06
7_14901576_G_A	-1.500e-02	0.48	4.239e-06
6_20749677_G_A	-1.400e-02	0.45	4.299e-06
2_169836730_T_C	2.700e-02	0.06	4.317e-06
6_7240577_A_T	1.500e-02	0.36	4.332e-06
2_28202936_C_G	-1.700e-02	0.76	4.372e-06
7_50751090_T_C	-1.800e-02	0.78	4.383e-06
2_27398196_T_A	-1.600e-02	0.71	4.402e-06
2_28232279_A_C	-1.700e-02	0.76	4.436e-06
14_90035606_A_C	-1.500e-02	0.59	4.478e-06
18_41558306_A_G	5.900e-02	0.02	4.513e-06
7_14885806_T_C	-1.400e-02	0.49	4.545e-06
2_169429235_C_T	2.200e-02	0.88	4.578e-06
7_14890407_C_A	-1.500e-02	0.49	4.597e-06
7_23956720_G_T	-1.400e-02	0.63	4.61e-06
8_118185041_C_T	-1.800e-02	0.60	4.633e-06
2_232810183_A_G	1.600e-02	0.28	4.638e-06
2_169385374_G_A	-2.400e-02	0.10	4.674e-06
2_169383137_G_A	-2.400e-02	0.10	4.704e-06
6_153431376_G_C	1.400e-02	0.49	4.724e-06
2_27130891_T_C	1.500e-02	0.35	4.734e-06
2_28124171_G_A	-1.700e-02	0.76	4.769e-06
2_27131849_T_G	1.500e-02	0.35	4.777e-06
9_4292083_G_A	1.400e-02	0.44	4.805e-06
2_28235184_G_A	-1.600e-02	0.76	4.854e-06
6_20758760_A_G	-1.400e-02	0.45	4.9e-06
11_92791992_G_A	-1.800e-02	0.79	4.901e-06
2_27169842_C_A	-1.500e-02	0.65	4.907e-06
2_27170982_C_T	-1.500e-02	0.65	4.99e-06
2_169426233_T_C	2.200e-02	0.88	5.015e-06
2_28200152_G_A	-1.600e-02	0.75	5.02e-06
15_62408242_C_G	-1.700e-02	0.22	5.023e-06
14_90033439_G_A	1.600e-02	0.27	5.028e-06
4_185725416_A_G	-1.500e-02	0.60	5.028e-06
11_92796156_T_G	-1.800e-02	0.79	5.047e-06
11_97165756_T_C	-2.500e-01	0.01	5.047e-06
20_22514392_C_T	-3.700e-02	0.06	5.067e-06
20_22573334_C_T	-3.700e-02	0.06	5.176e-06
20_22522336_A_T	3.500e-02	0.92	5.206e-06
2_28256831_A_G	-1.600e-02	0.76	5.219e-06
2_28271435_T_G	-1.600e-02	0.76	5.237e-06
6_153414273_T_C	1.400e-02	0.38	5.246e-06
2_28258027_G_A	-1.600e-02	0.76	5.263e-06
20_58730131_C_T	8.600e-02	0.07	5.274e-06
2_28276643_C_G	-1.600e-02	0.76	5.277e-06
2_28268467_C_T	-1.600e-02	0.76	5.282e-06
2_28261163_C_A	-1.600e-02	0.76	5.287e-06
20_58730101_G_A	8.600e-02	0.07	5.297e-06
2_28205581_C_T	-1.600e-02	0.76	5.329e-06
2_28255302_C_T	-1.600e-02	0.76	5.337e-06
7_44259871_C_T,G	-3.900e-02	0.42	5.339e-06
6_20752016_C_A	-1.400e-02	0.45	5.339e-06
15_62404480_C_T	-1.500e-02	0.27	5.37e-06
6_20752379_G_A	-1.400e-02	0.45	5.436e-06
11_47298360_G_A	-1.800e-02	0.69	5.438e-06
2_28189280_G_A	-1.600e-02	0.76	5.441e-06
2_28199736_G_C	-1.600e-02	0.76	5.449e-06
16_68409435_A_C	-1.800e-02	0.18	5.479e-06
7_50749079_C_T	-1.700e-02	0.78	5.488e-06
18_41559459_G_A	5.900e-02	0.02	5.503e-06
2_27715207_T_A	1.700e-02	0.38	5.508e-06
20_58727941_T_G	8.500e-02	0.06	5.534e-06
2_28199424_G_A	-1.600e-02	0.76	5.539e-06
6_153446191_A_T	1.400e-02	0.49	5.545e-06
15_62399564_C_T	-1.600e-02	0.27	5.59e-06
2_169425041_A_G	2.300e-02	0.88	5.634e-06
1_75027004_G_A	2.600e-01	1.00	5.638e-06
18_41561540_T_G	5.900e-02	0.02	5.659e-06
6_153413309_A_C	1.400e-02	0.38	5.701e-06
7_14884246_C_T	-1.400e-02	0.49	5.708e-06
11_47461783_A_G	-1.400e-02	0.37	5.71e-06
6_20757646_T_A	-1.400e-02	0.45	5.716e-06
15_62401482_C_T	-1.700e-02	0.21	5.737e-06
11_47229316_C_T	-1.600e-02	0.28	5.775e-06
16_54693355_T_C	1.500e-02	0.32	5.788e-06
7_14907368_G_C	-1.500e-02	0.50	5.795e-06
2_28136351_A_G	-1.600e-02	0.76	5.81e-06
2_28162861_T_C	-1.600e-02	0.76	5.83e-06
8_9178921_G_A	-1.700e-02	0.78	5.834e-06
2_27141515_A_C	1.500e-02	0.35	5.854e-06
7_14927931_G_C	-1.500e-02	0.48	5.879e-06
2_27393030_A_G	-1.500e-02	0.71	5.918e-06
2_28162274_T_C	-1.600e-02	0.76	5.958e-06
7_50751829_T_C	-1.700e-02	0.78	5.962e-06
2_169872644_C_T	2.600e-02	0.07	5.971e-06
16_54729743_T_C	-1.400e-02	0.43	6.09e-06
7_14916881_C_T	-1.500e-02	0.48	6.14e-06
6_153426679_G_A	1.400e-02	0.38	6.143e-06
6_153425244_G_C	1.400e-02	0.38	6.168e-06
5_95732569_A_T	-1.600e-02	0.28	6.172e-06
18_41539332_A_G	5.300e-02	0.02	6.297e-06
3_123064089_T_C	-1.400e-02	0.43	6.306e-06
3_123062970_C_G	1.400e-02	0.56	6.335e-06
6_153426932_C_G	1.400e-02	0.38	6.379e-06
5_95727664_A_T	-1.600e-02	0.29	6.446e-06
2_27134925_C_T	1.400e-02	0.35	6.508e-06
6_20764317_A_G	-1.400e-02	0.44	6.517e-06
6_153421545_C_A	1.400e-02	0.38	6.524e-06
2_169425919_G_T	2.200e-02	0.88	6.55e-06
11_47378245_T_C	1.800e-02	0.64	6.568e-06
6_153416912_G_A	1.400e-02	0.39	6.604e-06
2_28046028_G_A	1.800e-02	0.19	6.681e-06
7_50749425_A_G	-1.600e-02	0.78	6.707e-06
2_27389195_A_G	-1.500e-02	0.71	6.731e-06
9_4291747_C_G	1.400e-02	0.54	6.764e-06
7_50755273_G_A	-1.600e-02	0.78	6.771e-06
4_185718727_G_A	-1.900e-02	0.15	6.774e-06
2_27130332_C_T	1.400e-02	0.35	6.78e-06
8_29884117_A_G	1.700e-02	0.26	6.812e-06
20_22531141_C_T	-3.700e-02	0.07	6.824e-06
6_20753441_C_T	-1.500e-02	0.33	6.833e-06
6_20751315_T_C	-1.400e-02	0.45	6.932e-06
6_20772365_T_A	-1.400e-02	0.44	6.984e-06
6_20773752_C_T	-1.400e-02	0.45	6.991e-06
4_18122522_G_A	-2.100e-02	0.21	7.011e-06
13_111831913_T_C	-1.500e-02	0.42	7.05e-06
8_29884798_C_T	1.700e-02	0.26	7.057e-06
3_123066010_A_G	-1.400e-02	0.43	7.069e-06
8_9172718_A_G	1.700e-02	0.23	7.118e-06
11_72474839_A_G	-1.800e-02	0.20	7.158e-06
5_76424949_G_A	-1.700e-02	0.68	7.201e-06
2_27132822_A_T	1.400e-02	0.35	7.271e-06
6_153413460_G_C	-1.400e-02	0.51	7.32e-06
2_27194013_T_C	-1.400e-02	0.64	7.463e-06
6_153441733_G_C	1.400e-02	0.39	7.467e-06
2_27183970_C_T	-1.400e-02	0.65	7.474e-06
11_47278917_C_T	1.700e-02	0.30	7.513e-06
2_135204464_C_T	-9.900e-02	0.03	7.534e-06
2_27731212_T_C	1.900e-02	0.21	7.577e-06
9_111793062_C_A	-3.800e-02	0.18	7.604e-06
5_95728898_C_G	-1.600e-02	0.27	7.609e-06
14_90031107_G_A	1.600e-02	0.28	7.649e-06
8_9171595_G_C	1.700e-02	0.23	7.657e-06
16_54733746_T_C	-1.400e-02	0.46	7.659e-06
6_153413274_T_C	-1.400e-02	0.51	7.672e-06
2_27504312_A_G	1.700e-02	0.22	7.736e-06
21_22911396_C_T	-3.200e-01	0.0040	7.751e-06
2_28168415_A_G	-1.600e-02	0.76	7.804e-06
4_185721370_G_T	-1.900e-02	0.15	7.868e-06
1_214145389_T_C	1.400e-02	0.61	7.912e-06
9_4295880_T_G	1.400e-02	0.54	8.019e-06
6_153414287_C_A	1.400e-02	0.38	8.07e-06
5_95728974_G_C	-1.500e-02	0.28	8.092e-06
7_23956216_G_A	-1.400e-02	0.63	8.142e-06
3_123064831_C_T	1.400e-02	0.56	8.204e-06
8_127317746_G_A	-1.500e-02	0.70	8.212e-06
3_187506190_T_C	1.500e-02	0.29	8.233e-06
11_45864323_T_C	1.600e-02	0.22	8.247e-06
8_118184127_A_G	-1.800e-02	0.80	8.338e-06
5_76427311_G_A	-1.700e-02	0.68	8.343e-06
7_23955191_T_C	-1.400e-02	0.63	8.352e-06
2_169873821_G_A	2.500e-02	0.07	8.393e-06
2_27718474_T_C	2.700e-02	0.90	8.399e-06
11_45931502_G_A	-1.600e-02	0.72	8.622e-06
12_96487507_A_G	-2.000e-02	0.16	8.641e-06
6_153431125_C_T	1.400e-02	0.38	8.729e-06
2_28191629_C_T	-1.600e-02	0.76	8.825e-06
7_23947959_T_C	-1.400e-02	0.63	8.832e-06
6_153428611_A_G	1.400e-02	0.39	9.011e-06
6_153430451_G_C	1.400e-02	0.39	9.037e-06
2_169416831_G_A	2.300e-02	0.91	9.175e-06
7_44281475_T_A	1.700e-02	0.39	9.248e-06
2_169883218_C_T	2.500e-02	0.07	9.255e-06
2_169419519_C_T	2.200e-02	0.87	9.312e-06
15_62443097_A_G	-1.600e-02	0.30	9.42e-06
13_93934631_C_T	1.700e-02	0.21	9.491e-06
6_153427706_C_G	1.400e-02	0.39	9.586e-06
6_153440062_T_C	1.400e-02	0.39	9.59e-06
8_127320627_T_C	-1.500e-02	0.70	9.649e-06
7_44306081_A_G	1.600e-02	0.25	9.67e-06
12_69935900_C_T	3.600e-02	0.06	9.756e-06
11_47662932_T_C	-1.500e-02	0.28	9.794e-06
8_24868802_T_C	1.400e-02	0.36	9.821e-06
6_153441079_A_G	1.400e-02	0.39	1.001e-05
2_28085311_G_A	-1.600e-02	0.76	1.004e-05
3_123068109_C_T	-1.400e-02	0.44	1.008e-05
7_89854446_T_G	1.400e-02	0.52	1.01e-05
6_7213200_C_T	1.600e-02	0.23	1.012e-05
9_4287211_G_C	-1.300e-02	0.47	1.013e-05
2_28164553_C_T	-1.600e-02	0.76	1.02e-05
3_172045772_A_T	-1.700e-02	0.25	1.025e-05
11_47270255_C_T	1.700e-02	0.31	1.026e-05
22_47910533_A_G	-1.500e-02	0.74	1.04e-05
11_45751081_A_T	1.800e-02	0.19	1.045e-05
7_89853149_G_A	1.300e-02	0.52	1.055e-05
11_47449072_G_A	-1.400e-02	0.37	1.058e-05
14_90027549_A_G	1.600e-02	0.26	1.062e-05
7_89847881_C_G	1.300e-02	0.52	1.062e-05
15_62411514_A_G	-1.700e-02	0.20	1.079e-05
14_90034799_T_C	-1.400e-02	0.63	1.084e-05
15_62420478_G_C	1.400e-02	0.56	1.087e-05
7_89850170_G_T	1.300e-02	0.52	1.088e-05
2_28213424_C_T	-1.600e-02	0.76	1.106e-05
3_123068286_C_T	1.300e-02	0.56	1.109e-05
2_169603048_A_G	1.700e-02	0.78	1.115e-05
7_89846727_A_G	1.300e-02	0.52	1.117e-05
1_20729451_G_C	-1.400e-02	0.39	1.131e-05
13_60721640_C_T	-1.400e-02	0.35	1.132e-05
8_24920046_A_T	1.400e-02	0.35	1.136e-05
7_23959375_G_A	-1.400e-02	0.63	1.139e-05
22_47898585_C_T	-1.500e-02	0.75	1.15e-05
18_41562612_C_T	5.800e-02	0.02	1.152e-05
7_29638411_G_A	-2.100e-02	0.13	1.153e-05
7_106711492_G_T	1.400e-02	0.44	1.154e-05
7_89861832_G_A	1.300e-02	0.52	1.155e-05
7_89856608_C_T	1.300e-02	0.52	1.157e-05
18_41561582_C_A	5.800e-02	0.02	1.157e-05
3_123068743_A_G	-1.400e-02	0.44	1.165e-05
2_28107692_C_T	-1.600e-02	0.77	1.171e-05
13_85814843_T_C	2.800e-02	0.13	1.181e-05
20_22538262_T_C	-3.500e-02	0.08	1.19e-05
11_46037861_A_G	1.500e-02	0.27	1.197e-05
13_93935502_T_C	1.700e-02	0.21	1.198e-05
18_41562904_T_C	5.800e-02	0.02	1.2e-05
9_4285986_G_C,T	-1.300e-02	0.46	1.207e-05
8_9177910_T_C	-1.600e-02	0.78	1.207e-05
6_20774759_G_A	-1.500e-02	0.33	1.214e-05
7_89860574_A_T	1.300e-02	0.52	1.217e-05
2_169298494_A_G	-2.600e-02	0.07	1.231e-05
5_160831031_T_C	-3.000e-01	0.0013	1.235e-05
2_169610232_A_G	1.400e-02	0.57	1.236e-05
2_27604279_A_G	1.600e-02	0.39	1.242e-05
11_45977590_A_C	1.500e-02	0.27	1.243e-05
6_20766697_C_A	-1.400e-02	0.44	1.246e-05
21_39604313_G_C	-4.200e-02	0.52	1.246e-05
2_27208867_T_A	1.400e-02	0.36	1.25e-05
2_27210205_G_A	-1.400e-02	0.64	1.25e-05
2_27211212_A_G	-1.400e-02	0.64	1.251e-05
11_72414189_G_A	1.400e-02	0.44	1.27e-05
8_9245730_T_G	-4.100e-02	0.96	1.271e-05
9_4289196_T_C	-1.300e-02	0.46	1.272e-05
3_170585408_C_T	-2.300e-02	0.10	1.275e-05
2_27206474_T_C	-1.400e-02	0.64	1.277e-05
6_153407846_T_A	-1.300e-02	0.51	1.279e-05
3_170649749_G_A	-1.400e-02	0.35	1.281e-05
11_92792866_A_T	-1.600e-02	0.76	1.284e-05
14_90029456_G_A	-1.400e-02	0.62	1.288e-05
11_47339180_A_G	1.600e-02	0.21	1.289e-05
2_169887154_G_A	2.500e-02	0.07	1.291e-05
2_27115304_T_C	1.400e-02	0.39	1.294e-05
3_123130684_C_T	-1.700e-02	0.21	1.296e-05
2_27204650_C_T	-1.400e-02	0.64	1.297e-05
15_62382775_G_A	-1.600e-02	0.23	1.298e-05
2_28097222_C_T	1.600e-02	0.23	1.304e-05
11_45874264_A_G	1.500e-02	0.22	1.308e-05
2_27128834_G_A	1.400e-02	0.35	1.309e-05
2_27212596_G_A	1.400e-02	0.36	1.312e-05
2_27217102_T_A	-1.400e-02	0.64	1.318e-05
3_170634354_T_A	-1.400e-02	0.35	1.319e-05
12_133028430_C_G	-1.600e-02	0.34	1.324e-05
2_27198148_C_T	-1.400e-02	0.64	1.328e-05
16_84144409_G_A	-1.500e-02	0.30	1.331e-05
12_61838205_G_A	1.400e-02	0.52	1.336e-05
2_27202120_A_G	-1.400e-02	0.64	1.338e-05
12_133027786_T_C	-1.500e-02	0.37	1.342e-05
2_27212526_A_C	-1.400e-02	0.64	1.345e-05
11_45880110_C_G	1.500e-02	0.22	1.351e-05
8_9206678_G_A	-2.000e-02	0.88	1.355e-05
2_27224209_T_C	-1.400e-02	0.64	1.357e-05
11_46047130_T_C	1.500e-02	0.27	1.363e-05
11_45974643_C_G	1.500e-02	0.27	1.377e-05
2_27217228_G_A	-1.300e-02	0.64	1.379e-05
2_27104131_T_C	1.400e-02	0.39	1.383e-05
9_4292152_A_G	-1.300e-02	0.47	1.387e-05
12_61839601_T_A	1.400e-02	0.51	1.395e-05
11_92800929_T_C	-1.400e-02	0.43	1.397e-05
16_84144838_G_C	-1.500e-02	0.30	1.405e-05
11_45997648_C_T	1.500e-02	0.27	1.41e-05
4_22060315_G_A	-4.300e-02	0.03	1.418e-05
7_44310945_C_T	1.600e-02	0.24	1.42e-05
16_68437457_T_A	-3.100e-02	0.07	1.439e-05
2_28143017_G_T	-1.600e-02	0.78	1.458e-05
7_44309465_C_G	1.600e-02	0.25	1.502e-05
12_133027749_G_C	-1.500e-02	0.37	1.506e-05
3_170754477_G_C	-2.500e-02	0.10	1.518e-05
18_6853195_A_G	-2.000e-01	0.01	1.52e-05
1_20731117_T_C	-1.400e-02	0.39	1.521e-05
4_166662635_T_C	1.400e-02	0.57	1.524e-05
11_46027176_G_T	1.500e-02	0.27	1.55e-05
11_47362465_G_C	1.600e-02	0.18	1.561e-05
7_15016017_C_G	2.200e-02	0.26	1.562e-05
7_89843560_G_T	1.300e-02	0.52	1.571e-05
11_45845495_C_T	1.500e-02	0.21	1.579e-05
2_27229372_C_G	-1.300e-02	0.64	1.582e-05
8_24878455_T_G	1.400e-02	0.36	1.586e-05
11_45851903_T_A	1.500e-02	0.21	1.591e-05
11_45845150_G_A	1.500e-02	0.21	1.596e-05
15_62465389_A_C	-1.500e-02	0.31	1.604e-05
2_27226954_A_G	-1.300e-02	0.64	1.61e-05
11_2691471_A_G	1.500e-02	0.51	1.615e-05
16_84140589_G_A	-1.500e-02	0.30	1.617e-05
2_27441397_A_G	-1.500e-02	0.72	1.619e-05
2_28281545_G_A	-1.600e-02	0.77	1.622e-05
12_70000236_C_T	4.700e-02	0.07	1.629e-05
4_185716232_T_C	-1.900e-02	0.13	1.636e-05
6_7260883_A_G	1.900e-02	0.15	1.643e-05
12_61844635_C_T	1.400e-02	0.51	1.645e-05
2_169605967_G_A	1.300e-02	0.58	1.655e-05
1_248866338_C_A	2.600e-02	0.12	1.67e-05
12_119532394_G_A	2.700e-02	0.07	1.696e-05
2_27111651_A_G	1.300e-02	0.37	1.702e-05
13_111808925_C_T	-1.900e-02	0.23	1.704e-05
15_66183864_A_C	-1.800e-01	0.01	1.71e-05
12_133027617_T_C	-1.500e-02	0.35	1.716e-05
2_27314882_G_A	1.700e-02	0.34	1.717e-05
15_62401047_G_C	-1.600e-02	0.21	1.72e-05
3_187509528_T_C	1.400e-02	0.29	1.749e-05
2_28144067_G_A	-1.600e-02	0.77	1.769e-05
18_41577984_A_G	6.100e-02	0.02	1.773e-05
7_44190468_T_G	1.700e-02	0.50	1.777e-05
6_7232186_T_C	1.400e-02	0.40	1.782e-05
2_169652568_C_T	2.700e-02	0.08	1.793e-05
7_44280948_G_A	1.800e-02	0.39	1.798e-05
11_47054448_A_G	-2.100e-02	0.09	1.801e-05
16_84123906_C_T	-1.500e-02	0.29	1.805e-05
2_27231145_G_A	-1.300e-02	0.64	1.815e-05
8_24920713_T_C	1.400e-02	0.34	1.819e-05
10_56302865_G_C	3.500e-02	0.03	1.83e-05
1_177427387_A_G	2.500e-02	0.08	1.84e-05
18_41578138_T_A	6.100e-02	0.02	1.842e-05
16_84122895_C_T	-1.500e-02	0.29	1.843e-05
7_44310228_C_T	1.600e-02	0.24	1.852e-05
20_39714228_A_G	1.800e-02	0.17	1.853e-05
1_177427101_G_T	2.500e-02	0.08	1.86e-05
2_27233789_T_C	-1.300e-02	0.64	1.861e-05
13_93965579_G_A	1.600e-02	0.21	1.861e-05
15_62427364_C_T	-1.400e-02	0.43	1.864e-05
2_27106625_A_T	1.300e-02	0.39	1.881e-05
11_45797970_T_G	1.400e-02	0.43	1.883e-05
2_28326258_G_C	-1.500e-02	0.73	1.883e-05
2_27187814_G_A	-1.400e-02	0.64	1.89e-05
13_93967130_A_G	1.600e-02	0.22	1.901e-05
2_27233859_T_C	-1.300e-02	0.64	1.934e-05
3_123131254_C_T	-1.700e-02	0.21	1.94e-05
2_27566520_T_A	1.500e-02	0.28	1.948e-05
11_92781923_A_G	-1.700e-02	0.79	1.959e-05
7_29638434_G_A	-2.100e-02	0.13	1.964e-05
1_27882335_C_T	-4.100e-01	0.01	1.967e-05
8_24915917_C_T	1.400e-02	0.35	1.974e-05
3_70606921_A_G	1.700e-02	0.20	1.979e-05
22_47935729_G_A	1.500e-02	0.23	1.979e-05
2_27177545_G_A	1.400e-02	0.35	1.988e-05
2_27237614_A_G	-1.300e-02	0.64	1.993e-05
2_169889653_C_T	2.500e-02	0.07	2.005e-05
13_93942350_A_T	1.600e-02	0.21	2.007e-05
12_61844202_A_T	1.400e-02	0.51	2.027e-05
13_93965886_C_T	1.600e-02	0.21	2.032e-05
20_39713535_G_A	1.800e-02	0.18	2.033e-05
11_92773388_A_G	-1.700e-02	0.79	2.034e-05
12_61844049_T_C	1.400e-02	0.51	2.039e-05
2_169646496_G_A	2.700e-02	0.08	2.042e-05
11_45745968_G_T	2.500e-02	0.10	2.047e-05
8_24920630_G_A	1.400e-02	0.35	2.079e-05
2_27199754_A_G	-1.300e-02	0.64	2.081e-05
11_45903613_A_C	-1.400e-02	0.70	2.099e-05
2_216534383_C_G	-2.800e-02	0.07	2.113e-05
2_216533833_A_G	-2.800e-02	0.07	2.114e-05
20_39717363_C_A	1.800e-02	0.18	2.114e-05
2_27239949_G_T	-1.300e-02	0.64	2.123e-05
8_24920811_G_A	1.400e-02	0.35	2.128e-05
2_28155195_T_A	-1.600e-02	0.77	2.145e-05
9_4287466_A_G	-1.300e-02	0.46	2.148e-05
11_45983385_T_C	1.500e-02	0.27	2.155e-05
12_133026146_A_G	-1.400e-02	0.39	2.157e-05
2_169889579_C_T	2.400e-02	0.07	2.161e-05
2_169823408_T_C	-2.200e-02	0.17	2.183e-05
11_72851463_C_T	1.700e-02	0.79	2.185e-05
13_93947095_A_G	1.700e-02	0.21	2.199e-05
7_89816334_A_G	-1.500e-02	0.24	2.202e-05
6_5144124_G_A	2.300e-01	0.0040	2.203e-05
1_177412602_G_C	2.500e-02	0.08	2.216e-05
5_141669109_T_C	1.300e-02	0.46	2.23e-05
13_93964673_C_T	1.600e-02	0.21	2.239e-05
8_9178135_C_T	-1.500e-02	0.77	2.244e-05
5_76425867_G_A	-1.600e-02	0.69	2.245e-05
19_46196634_C_G,A	-1.500e-02	0.49	2.253e-05
7_44224098_C_T	-5.900e-02	0.02	2.257e-05
2_28342153_A_G	1.400e-02	0.28	2.265e-05
12_129013961_A_G	-2.200e-01	0.0013	2.267e-05
11_72411664_G_A	1.300e-02	0.44	2.274e-05
20_39681187_C_T	1.800e-02	0.18	2.275e-05
5_141669507_C_T	1.300e-02	0.47	2.275e-05
16_84166606_T_C	-1.400e-02	0.34	2.279e-05
6_5136097_T_C	2.300e-01	0.01	2.304e-05
2_28094270_C_G	1.700e-02	0.19	2.308e-05
1_177427460_G_A	2.500e-02	0.08	2.313e-05
11_45813232_C_T	1.400e-02	0.43	2.318e-05
7_44311429_G_A	1.500e-02	0.24	2.323e-05
11_45891418_G_A	1.500e-02	0.24	2.328e-05
11_45813074_G_C	1.400e-02	0.43	2.329e-05
13_93927845_A_G	1.600e-02	0.22	2.344e-05
1_7966011_C_T	1.900e+00	0.0026	2.347e-05
13_93930863_C_T	1.600e-02	0.22	2.357e-05
13_93930502_T_A	1.600e-02	0.21	2.372e-05
4_63431038_T_A	3.900e-02	0.49	2.38e-05
4_57305202_T_C	1.800e-02	0.25	2.384e-05
10_56305305_G_T	3.400e-02	0.03	2.385e-05
12_121914808_T_A	-1.300e-02	0.54	2.413e-05
3_70611991_T_C	1.700e-02	0.20	2.433e-05
13_111834031_A_G	-1.300e-02	0.47	2.44e-05
12_121919295_G_A	-1.300e-02	0.54	2.445e-05
2_28319961_G_T	1.600e-02	0.21	2.448e-05
16_84120784_C_T	-1.400e-02	0.29	2.454e-05
13_93930189_C_A	1.600e-02	0.22	2.463e-05
12_121913559_T_A	-1.300e-02	0.53	2.479e-05
13_93939515_G_T	1.600e-02	0.21	2.503e-05
2_28087205_C_T	1.700e-02	0.19	2.513e-05
13_93927192_A_G	1.600e-02	0.22	2.522e-05
13_93927450_G_A	1.600e-02	0.22	2.523e-05
11_45838926_C_T	1.500e-02	0.22	2.546e-05
22_47905322_T_G	-1.500e-02	0.74	2.547e-05
8_9179494_C_G	-1.500e-02	0.77	2.548e-05
2_27341063_A_T	1.400e-02	0.35	2.564e-05
13_93930403_A_G	1.600e-02	0.22	2.573e-05
13_93926349_T_C	1.600e-02	0.22	2.575e-05
13_93926840_G_A	1.600e-02	0.22	2.577e-05
9_4290541_C_A	1.500e-02	0.44	2.58e-05
5_141669040_C_T	1.300e-02	0.47	2.589e-05
6_33292745_T_C	-2.400e-02	0.08	2.595e-05
11_92816562_T_C	-1.300e-02	0.49	2.597e-05
11_45897077_A_G	1.500e-02	0.26	2.601e-05
11_92764695_T_G	-1.700e-02	0.78	2.65e-05
11_45875392_A_T	-1.600e-02	0.74	2.66e-05
9_22128180_C_G	-2.600e-02	0.10	2.661e-05
2_28080214_G_A	1.700e-02	0.19	2.685e-05
9_88896956_A_G	1.300e-02	0.62	2.685e-05
4_57317347_G_T	1.800e-02	0.25	2.687e-05
7_44226090_C_G	-4.000e-02	0.41	2.689e-05
2_27172069_T_C	1.300e-02	0.35	2.697e-05
2_28079775_A_G	1.700e-02	0.19	2.713e-05
8_9177525_C_T	-1.600e-02	0.78	2.737e-05
11_45961114_A_C	1.500e-02	0.27	2.763e-05
3_60472815_C_A	-2.500e-02	0.07	2.77e-05
2_28085347_T_C	1.600e-02	0.19	2.774e-05
22_27230983_A_C	-2.200e-02	0.15	2.787e-05
2_28088580_T_A	1.600e-02	0.19	2.794e-05
2_28082494_G_A	1.600e-02	0.19	2.807e-05
2_28086765_A_G	1.600e-02	0.19	2.809e-05
3_25557516_G_A	-2.000e-02	0.13	2.824e-05
16_79465813_G_A	-6.200e-02	0.24	2.851e-05
5_141667492_C_G	1.300e-02	0.46	2.853e-05
6_20800635_G_C	-1.500e-02	0.23	2.857e-05
2_27168743_C_T	-1.300e-02	0.65	2.862e-05
2_169597715_A_G	2.400e-02	0.92	2.871e-05
21_39485842_C_T	-3.900e-02	0.43	2.878e-05
13_93924508_A_G	1.600e-02	0.22	2.88e-05
6_20760612_C_T	1.300e-02	0.50	2.881e-05
16_84119815_G_C	-1.400e-02	0.29	2.885e-05
4_185714289_G_T	-1.900e-02	0.13	2.889e-05
2_169684457_A_G	-4.200e-02	0.96	2.903e-05
11_45706162_A_G	-1.300e-02	0.46	2.92e-05
7_23961100_A_G	-1.300e-02	0.61	2.922e-05
9_4282942_T_G	-1.300e-02	0.55	2.923e-05
11_47975794_C_G	-1.700e-02	0.21	2.926e-05
3_122964428_C_T	-1.600e-02	0.18	2.93e-05
2_169813353_C_T	3.900e-02	0.51	2.934e-05
7_89870777_A_G	1.300e-02	0.52	2.959e-05
8_9192423_A_G	-2.000e-02	0.90	2.965e-05
7_50699235_G_C	-1.500e-02	0.75	2.973e-05
14_90038821_G_A	-1.300e-02	0.61	2.986e-05
11_46017895_A_T	1.500e-02	0.23	2.998e-05
16_68397106_C_G	-1.900e-02	0.14	3.01e-05
12_133024504_A_G	-1.400e-02	0.38	3.013e-05
20_39743905_G_A	1.700e-02	0.18	3.017e-05
7_50673029_T_C	-2.000e-02	0.88	3.021e-05
11_45958444_G_A	1.500e-02	0.23	3.023e-05
16_68399590_C_G	-1.900e-02	0.14	3.024e-05
6_20790477_C_T	-1.500e-02	0.24	3.028e-05
5_141676198_G_A	1.300e-02	0.47	3.029e-05
3_58184926_T_G	9.200e-01	0.02	3.039e-05
11_46029826_T_A	1.500e-02	0.23	3.043e-05
2_27315714_C_T	-1.300e-02	0.64	3.047e-05
11_45877688_C_G	-1.600e-02	0.74	3.048e-05
8_24920430_A_C	1.400e-02	0.35	3.057e-05
7_15054935_C_A	-3.900e-02	0.48	3.057e-05
21_39635549_C_T	-4.100e-02	0.32	3.066e-05
3_170662923_T_C	-1.400e-02	0.28	3.066e-05
5_141676257_G_A	1.300e-02	0.47	3.081e-05
1_214149028_T_A	1.800e-02	0.28	3.106e-05
5_141673186_G_C	1.300e-02	0.47	3.106e-05
2_28118662_G_A	-1.600e-02	0.81	3.109e-05
3_70609750_T_C	1.700e-02	0.19	3.111e-05
12_133022460_A_C	-1.400e-02	0.36	3.113e-05
11_47312892_T_G	1.500e-02	0.21	3.119e-05
11_59424804_G_T	2.000e-02	0.14	3.119e-05
2_27324724_G_C,T	-1.300e-02	0.64	3.119e-05
6_20897656_C_T	-1.600e-02	0.21	3.132e-05
8_81047619_C_T	1.300e-02	0.45	3.135e-05
11_59421175_G_C	2.000e-02	0.14	3.146e-05
2_27196299_G_A	-1.300e-02	0.64	3.15e-05
5_59823118_C_T	-1.300e-02	0.39	3.16e-05
2_27169540_T_G	1.300e-02	0.35	3.16e-05
3_170669048_T_C	-1.400e-02	0.28	3.165e-05
12_133026429_C_T	-1.400e-02	0.39	3.166e-05
8_81047278_C_T	1.300e-02	0.44	3.168e-05
7_89971556_A_C	1.300e-02	0.52	3.175e-05
5_141681227_G_A	1.300e-02	0.47	3.179e-05
11_4105453_T_A	2.200e-02	0.92	3.192e-05
7_89880354_C_G	1.300e-02	0.52	3.209e-05
6_20764599_C_T	1.300e-02	0.50	3.213e-05
1_20732082_A_G	-1.300e-02	0.39	3.226e-05
10_93442365_G_A	1.500e-02	0.63	3.235e-05
11_59334952_C_T	2.000e-02	0.14	3.24e-05
2_27307769_G_C	-1.600e-02	0.65	3.246e-05
2_165790401_C_T	1.300e-02	0.49	3.252e-05
6_20764250_C_T	1.300e-02	0.50	3.261e-05
9_88906695_C_G	1.300e-02	0.62	3.264e-05
1_177402972_C_T	2.400e-02	0.08	3.268e-05
2_12488565_A_T	-1.700e-02	0.82	3.268e-05
3_70610679_T_C	1.700e-02	0.18	3.278e-05
7_44292522_T_G	1.300e-02	0.39	3.288e-05
16_54709210_G_A	1.300e-02	0.51	3.303e-05
11_45666866_C_T	-1.300e-02	0.46	3.307e-05
16_84120005_G_A	-1.400e-02	0.30	3.307e-05
7_50669123_C_T	2.000e-02	0.12	3.309e-05
11_47353498_G_A	1.700e-02	0.17	3.314e-05
2_27171245_C_T	1.300e-02	0.35	3.326e-05
11_47311367_G_T	1.900e-02	0.17	3.337e-05
3_25560037_C_G	-1.600e-02	0.21	3.359e-05
6_153395344_T_C	1.400e-02	0.30	3.368e-05
7_44302326_A_G	1.600e-02	0.39	3.38e-05
7_89963465_A_T	1.300e-02	0.52	3.383e-05
2_27173520_C_T	1.300e-02	0.35	3.4e-05
11_47336442_G_C	1.500e-02	0.21	3.406e-05
11_45650363_C_T	-1.300e-02	0.46	3.406e-05
2_28121190_C_T	1.600e-02	0.19	3.414e-05
8_81045786_A_G	1.300e-02	0.44	3.416e-05
7_89969878_A_G	1.300e-02	0.52	3.422e-05
11_47300429_T_C	1.600e-02	0.17	3.429e-05
7_80374438_T_C	-7.100e-01	0.99	3.432e-05
11_47346145_G_A	1.900e-02	0.17	3.44e-05
15_69010629_C_A	3.300e-02	0.96	3.465e-05
4_185718132_A_T	-1.700e-02	0.16	3.5e-05
1_177402667_G_T	2.400e-02	0.08	3.524e-05
2_27201857_T_C	1.300e-02	0.36	3.53e-05
8_81046977_T_A	1.300e-02	0.44	3.534e-05
8_81047275_G_A	1.300e-02	0.44	3.538e-05
2_28140349_G_A	1.600e-02	0.19	3.543e-05
16_68251784_C_G	-1.700e-02	0.16	3.545e-05
11_45934697_T_G	-1.400e-02	0.69	3.551e-05
16_54689640_C_G	1.700e-02	0.21	3.552e-05
6_20882544_C_T	-1.500e-02	0.22	3.569e-05
12_121892786_A_G	1.300e-02	0.51	3.575e-05
3_187512467_T_C	1.400e-02	0.29	3.575e-05
8_81046158_T_G	1.300e-02	0.44	3.599e-05
8_81045140_T_A	1.300e-02	0.44	3.599e-05
9_88899739_T_C	1.400e-02	0.62	3.602e-05
8_81045718_T_G	1.300e-02	0.44	3.606e-05
8_24922150_T_G	1.400e-02	0.35	3.608e-05
13_60692067_T_C	-1.300e-02	0.34	3.616e-05
8_81046375_C_G	1.300e-02	0.44	3.618e-05
8_81045941_C_T	1.300e-02	0.44	3.627e-05
8_81043866_A_G	1.300e-02	0.44	3.64e-05
7_89899488_G_T	1.300e-02	0.52	3.64e-05
20_22509433_G_A	3.000e-02	0.93	3.642e-05
8_81045539_C_T	1.300e-02	0.44	3.643e-05
8_81046850_T_C	1.300e-02	0.44	3.649e-05
16_68189340_G_A	-1.700e-02	0.16	3.654e-05
7_23937198_C_T	-1.400e-02	0.61	3.665e-05
5_141685706_G_A	1.300e-02	0.48	3.669e-05
2_169692369_G_T	-1.300e-02	0.36	3.682e-05
3_131977122_A_G	1.400e-02	0.72	3.687e-05
20_22510282_G_A	-3.000e-02	0.06	3.701e-05
8_81043671_G_A	1.300e-02	0.44	3.703e-05
2_165793561_C_T	1.400e-02	0.30	3.737e-05
6_153391618_T_C	1.500e-02	0.25	3.737e-05
16_84145386_G_A	-1.300e-02	0.36	3.765e-05
6_39036185_A_G	1.700e-02	0.17	3.793e-05
5_96254817_G_A	-1.300e-02	0.48	3.828e-05
5_167452630_T_G	-2.000e-02	0.12	3.828e-05
4_103557077_G_A	-1.300e-02	0.49	3.835e-05
20_39651892_C_G	1.700e-02	0.17	3.835e-05
5_141686649_C_G	1.300e-02	0.48	3.842e-05
3_187511339_C_G	1.400e-02	0.29	3.843e-05
8_9177129_G_C	1.500e-02	0.23	3.847e-05
16_68185160_G_A	-1.700e-02	0.16	3.858e-05
16_84120534_G_T	-1.400e-02	0.30	3.881e-05
20_22510261_G_A	3.000e-02	0.93	3.888e-05
11_46028281_G_T	1.500e-02	0.23	3.894e-05
6_20804563_T_C	-1.500e-02	0.23	3.897e-05
5_141686532_A_G	1.300e-02	0.48	3.911e-05
3_123079159_A_T	1.300e-02	0.56	3.922e-05
16_68285847_A_G	-1.700e-02	0.17	3.925e-05
20_22502761_G_A	-3.000e-02	0.06	3.925e-05
2_43618819_C_T	-2.200e-02	0.08	3.935e-05
6_20763171_G_A	1.300e-02	0.50	3.957e-05
20_22507891_G_A	3.000e-02	0.93	3.968e-05
3_131978732_A_T	1.400e-02	0.72	3.99e-05
20_22507155_T_A	3.000e-02	0.93	3.991e-05
9_88890116_A_G	1.300e-02	0.58	4.004e-05
6_20876613_G_A	-1.500e-02	0.22	4.014e-05
6_77236543_A_G	1.300e-02	0.40	4.021e-05
20_22509764_G_A	-3.000e-02	0.06	4.031e-05
9_88881410_A_G	1.300e-02	0.62	4.031e-05
2_27098766_G_A	1.300e-02	0.39	4.032e-05
20_22506727_C_T	-3.000e-02	0.06	4.039e-05
9_88878771_G_A	1.300e-02	0.62	4.041e-05
9_88877961_C_T	1.300e-02	0.62	4.05e-05
2_209042853_T_C	8.500e-02	0.04	4.062e-05
8_81051013_C_T	1.300e-02	0.44	4.064e-05
20_22509610_G_A	-3.000e-02	0.06	4.077e-05
13_93964416_T_C	1.600e-02	0.21	4.079e-05
16_68383047_G_C	-1.800e-02	0.15	4.079e-05
1_169070450_T_C	-2.000e-02	0.13	4.083e-05
7_50697051_G_A	-1.500e-02	0.74	4.087e-05
2_28228408_T_A	-1.600e-02	0.81	4.103e-05
2_28315770_T_C	1.800e-02	0.11	4.139e-05
13_93949267_G_C	1.600e-02	0.21	4.139e-05
8_9194694_C_A	1.900e-02	0.10	4.145e-05
2_28358774_T_C	-1.400e-02	0.73	4.146e-05
12_133069894_G_A	2.100e-02	0.13	4.162e-05
20_22502301_A_C	-3.000e-02	0.06	4.166e-05
12_133020800_G_A	-1.600e-02	0.46	4.175e-05
8_81045489_C_G	1.300e-02	0.44	4.179e-05
5_78271282_T_C	1.700e-02	0.20	4.187e-05
11_72629946_A_G	-1.600e-02	0.20	4.201e-05
7_44315329_C_T	1.500e-02	0.28	4.214e-05
15_69010105_G_A	3.200e-02	0.96	4.216e-05
2_27181454_A_G	1.300e-02	0.35	4.223e-05
5_116881673_A_C	1.500e-02	0.22	4.239e-05
11_45704991_C_T	-1.300e-02	0.44	4.242e-05
12_96484170_C_G	-1.900e-02	0.16	4.268e-05
2_43629931_G_T	-2.100e-02	0.09	4.272e-05
11_47065072_G_A	-2.000e-02	0.09	4.276e-05
6_33438509_T_C	1.300e-02	0.38	4.288e-05
3_131983175_T_C	1.400e-02	0.72	4.292e-05
6_20878885_C_T	-1.500e-02	0.22	4.297e-05
6_77247004_A_C	1.300e-02	0.40	4.3e-05
11_47306585_G_A	1.600e-02	0.17	4.302e-05
1_214161820_G_A	1.600e-02	0.48	4.325e-05
4_22068259_G_T	-3.900e-02	0.03	4.328e-05
8_81023141_G_A	1.300e-02	0.45	4.342e-05
2_28279649_T_G	-1.600e-02	0.81	4.345e-05
7_90030153_A_G	1.300e-02	0.53	4.354e-05
4_6106033_G_A	-3.700e-02	0.10	4.359e-05
2_28279693_G_A	-1.600e-02	0.81	4.364e-05
11_72727840_A_G	-1.500e-02	0.20	4.395e-05
2_233085673_G_C	1.700e-02	0.19	4.395e-05
2_27471025_C_T	1.400e-02	0.27	4.401e-05
15_69012722_C_T	3.200e-02	0.96	4.402e-05
16_68273895_T_C	-1.700e-02	0.16	4.41e-05
12_96480076_G_A	-1.900e-02	0.15	4.411e-05
6_20878282_A_G	-1.500e-02	0.22	4.43e-05
6_20882175_C_T	-1.500e-02	0.22	4.439e-05
2_169212410_C_G	-4.300e-02	0.03	4.441e-05
11_45905605_A_C	-1.600e-02	0.74	4.459e-05
2_28155748_A_C	1.600e-02	0.19	4.472e-05
8_81052358_G_A	1.300e-02	0.44	4.476e-05
5_167449464_T_C	-2.000e-02	0.12	4.477e-05
11_72707441_A_C	-1.500e-02	0.20	4.489e-05
7_106708765_A_G	1.300e-02	0.41	4.509e-05
2_28250389_A_G	1.600e-02	0.19	4.511e-05
20_39998520_C_T	1.700e-02	0.17	4.514e-05
8_24879867_A_G	1.300e-02	0.36	4.538e-05
2_27310393_G_A	-1.300e-02	0.64	4.542e-05
2_28236120_C_T	1.600e-02	0.19	4.545e-05
2_28250990_T_G	-1.600e-02	0.81	4.558e-05
2_232821041_A_T	1.300e-02	0.40	4.566e-05
7_44234713_G_A	-2.500e-02	0.07	4.58e-05
15_69009800_T_G	3.200e-02	0.96	4.583e-05
8_81055126_C_G	1.300e-02	0.44	4.586e-05
8_81021060_T_C	1.300e-02	0.45	4.601e-05
13_93951628_T_A	1.500e-02	0.21	4.601e-05
2_28232087_A_G	-1.600e-02	0.82	4.608e-05
5_106657015_G_A	-3.200e-02	0.34	4.63e-05
6_77157446_C_T	1.300e-02	0.37	4.631e-05
8_81020182_T_C	1.300e-02	0.45	4.645e-05
15_69014771_A_G	3.300e-02	0.96	4.649e-05
8_81052359_C_T	1.300e-02	0.44	4.656e-05
16_54736811_G_T	-1.400e-02	0.44	4.659e-05
15_69009230_C_T	3.200e-02	0.96	4.662e-05
7_14856355_C_T	-1.300e-02	0.55	4.672e-05
7_50681401_G_A	1.900e-02	0.12	4.691e-05
15_69013759_T_C	3.300e-02	0.96	4.707e-05
8_81052437_A_C	1.300e-02	0.44	4.707e-05
20_57439308_T_A	-2.200e-02	0.10	4.731e-05
6_24279076_G_A	1.900e-02	0.10	4.732e-05
2_27290525_A_G	-1.300e-02	0.70	4.747e-05
6_77243034_A_G	1.300e-02	0.39	4.757e-05
2_27544285_C_T	1.500e-02	0.22	4.783e-05
10_93412994_T_G	1.400e-02	0.64	4.803e-05
11_45674266_C_T	-1.300e-02	0.46	4.803e-05
16_68353983_C_T	-1.900e-02	0.14	4.822e-05
11_2844216_G_C	1.800e-02	0.47	4.823e-05
2_28421461_G_A	-1.500e-02	0.74	4.833e-05
8_81057438_A_G	1.300e-02	0.44	4.844e-05
8_81034625_A_G	1.300e-02	0.45	4.856e-05
3_170628132_A_G	-1.500e-02	0.35	4.867e-05
2_27315252_G_A	1.300e-02	0.35	4.872e-05
11_47362339_G_A	1.600e-02	0.17	4.874e-05
8_81056838_T_C	1.300e-02	0.44	4.888e-05
6_153412476_C_T	1.300e-02	0.29	4.894e-05
9_88893891_C_T	1.300e-02	0.62	4.904e-05
2_28320033_T_C	1.500e-02	0.21	4.913e-05
8_81054800_T_G	1.300e-02	0.44	4.918e-05
8_81064289_A_C	1.300e-02	0.44	4.925e-05
7_50672907_T_C	-1.300e-02	0.61	4.938e-05
2_28167450_C_T	-1.600e-02	0.81	4.948e-05
7_44295098_A_T	1.300e-02	0.39	4.956e-05
8_81036178_A_G	1.300e-02	0.44	4.957e-05
8_81061042_G_C	1.300e-02	0.44	4.96e-05
2_27542041_C_T	1.500e-02	0.21	4.965e-05
18_44930696_C_T	1.700e-02	0.16	4.983e-05
2_28174081_G_A	1.600e-02	0.19	4.987e-05
6_5896220_G_A	1.300e-02	0.36	4.996e-05
7_50725685_A_G	1.900e-02	0.13	5.016e-05
5_13702947_G_A	-3.400e-01	0.0040	5.02e-05
2_28151354_G_A	-1.500e-02	0.77	5.03e-05
3_187502472_A_G	1.400e-02	0.42	5.03e-05
7_50725807_A_C	1.800e-02	0.13	5.049e-05
11_45797183_C_T	1.300e-02	0.43	5.057e-05
2_28240525_T_C	-1.600e-02	0.81	5.066e-05
8_81054222_C_G	1.300e-02	0.44	5.068e-05
8_81054703_A_G	1.300e-02	0.44	5.071e-05
2_28358334_C_T	-1.400e-02	0.73	5.075e-05
2_169196091_C_T	-4.300e-02	0.03	5.084e-05
3_123001494_G_A	-1.600e-02	0.18	5.113e-05
2_27140022_C_T	1.300e-02	0.35	5.118e-05
5_141646324_T_G	1.300e-02	0.51	5.132e-05
2_28057129_G_C	1.800e-02	0.23	5.143e-05
10_113048223_G_A	1.600e-02	0.77	5.144e-05
7_14856700_C_T	-1.300e-02	0.55	5.154e-05
8_9194172_G_A	-1.500e-02	0.24	5.218e-05
7_50725106_T_C	1.800e-02	0.13	5.225e-05
7_44296307_G_T	1.300e-02	0.38	5.238e-05
8_81026820_C_T	1.300e-02	0.45	5.248e-05
1_56838183_T_C	3.900e-02	0.02	5.248e-05
2_27227707_A_G	-1.300e-02	0.64	5.255e-05
12_96483815_C_T	-1.900e-02	0.15	5.261e-05
8_81052934_T_C	1.300e-02	0.44	5.268e-05
8_81032301_A_T	1.300e-02	0.45	5.284e-05
17_79109909_T_C	1.600e-02	0.80	5.288e-05
19_32460790_G_A	1.500e-02	0.40	5.291e-05
8_81057339_A_G	1.300e-02	0.44	5.298e-05
7_44288665_G_A	1.300e-02	0.38	5.3e-05
8_118183551_G_A	-1.500e-02	0.68	5.316e-05
11_45702698_C_T	-1.300e-02	0.44	5.321e-05
8_81058323_A_T	1.300e-02	0.44	5.326e-05
7_50734418_G_A	2.000e-02	0.11	5.33e-05
7_50724733_T_C	1.800e-02	0.13	5.332e-05
15_69009887_G_A	3.200e-02	0.96	5.333e-05
21_39486933_A_G	-3.800e-02	0.46	5.35e-05
1_56830568_C_T	3.900e-02	0.02	5.367e-05
1_248870821_A_G	2.100e-02	0.12	5.382e-05
1_248866864_T_C	2.100e-02	0.12	5.419e-05
10_93413986_C_A	1.400e-02	0.64	5.428e-05
8_81058586_T_C	1.300e-02	0.44	5.428e-05
9_88901460_C_T	1.300e-02	0.62	5.432e-05
8_81026740_C_A	1.300e-02	0.45	5.435e-05
12_133024804_G_C	-1.300e-02	0.38	5.444e-05
5_141678046_A_G	1.300e-02	0.47	5.445e-05
2_232816237_G_T	1.300e-02	0.39	5.464e-05
1_56822643_G_A	3.900e-02	0.02	5.466e-05
3_185513392_A_G	1.300e-02	0.29	5.479e-05
2_169681151_C_T	3.800e-02	0.04	5.533e-05
15_69009015_G_A	3.200e-02	0.96	5.535e-05
3_185520578_A_G	1.300e-02	0.29	5.547e-05
8_81025430_G_A	1.300e-02	0.45	5.55e-05
13_111834095_G_C	-1.300e-02	0.54	5.554e-05
1_248874523_G_A	2.500e-02	0.13	5.565e-05
8_24921692_A_G	1.300e-02	0.35	5.566e-05
16_68379860_C_T	-1.800e-02	0.14	5.575e-05
11_92664875_T_C	1.400e-02	0.42	5.584e-05
11_72411082_T_C	1.300e-02	0.51	5.593e-05
8_81057006_T_C	1.300e-02	0.44	5.628e-05
4_65886145_C_T	-1.100e+00	1.00	5.632e-05
8_60214129_C_A	2.400e-02	0.16	5.642e-05
1_248866903_A_G	2.100e-02	0.12	5.645e-05
8_81025305_T_C	1.300e-02	0.45	5.652e-05
2_27472027_A_G	1.500e-02	0.22	5.657e-05
8_81025007_C_T	1.300e-02	0.44	5.671e-05
6_24316195_A_C	2.000e-02	0.12	5.676e-05
2_233031057_C_T	1.800e-02	0.14	5.676e-05
8_81025110_G_A	1.300e-02	0.45	5.704e-05
2_205787158_T_A	5.500e-02	0.02	5.768e-05
12_133024675_C_G	-1.300e-02	0.37	5.784e-05
11_47266808_T_G	1.900e-02	0.16	5.811e-05
8_81024107_G_A	1.300e-02	0.45	5.813e-05
8_81023739_T_C	1.300e-02	0.45	5.828e-05
1_248870671_C_G	2.100e-02	0.12	5.836e-05
16_68369213_T_C	-1.800e-02	0.14	5.839e-05
3_185516520_G_A	1.300e-02	0.29	5.855e-05
16_68289059_C_T	-1.700e-02	0.16	5.864e-05
3_131985214_G_C	-1.400e-02	0.27	5.866e-05
5_141666293_G_A	1.200e-02	0.46	5.876e-05
16_68288983_T_G	-1.700e-02	0.16	5.88e-05
1_248836329_G_T	2.000e-02	0.12	5.902e-05
11_72401101_T_C	-1.400e-02	0.33	5.923e-05
8_118183658_C_A	-1.400e-02	0.54	5.925e-05
2_102783052_G_A	-2.300e-02	0.07	6e-05
13_85829684_C_T	2.700e-02	0.06	6.019e-05
4_66242549_T_C	-3.700e-02	0.03	6.02e-05
8_24922065_G_C	1.300e-02	0.35	6.022e-05
2_27244712_C_T	-1.300e-02	0.66	6.035e-05
2_146371961_A_G	-1.300e-02	0.57	6.037e-05
7_89887587_G_T	1.300e-02	0.52	6.044e-05
11_46024216_T_A	1.300e-02	0.27	6.08e-05
1_248873659_A_G	2.100e-02	0.12	6.085e-05
16_84126358_C_A	-1.400e-02	0.29	6.095e-05
7_89880548_C_T	1.200e-02	0.52	6.095e-05
12_133041618_G_A	1.400e-02	0.65	6.101e-05
6_7266055_G_T	1.400e-02	0.29	6.117e-05
1_98042396_G_A	-1.300e-01	0.99	6.129e-05
8_81054391_G_A	1.300e-02	0.44	6.133e-05
11_45894636_C_G	1.400e-02	0.23	6.137e-05
6_77221400_A_C	1.300e-02	0.39	6.149e-05
3_185514931_T_C	1.300e-02	0.29	6.164e-05
9_27802267_C_A	-2.000e-02	0.18	6.168e-05
6_14329195_G_A	-1.500e-02	0.30	6.176e-05
11_47249294_G_A	-1.500e-02	0.80	6.179e-05
6_77144095_C_T	1.300e-02	0.37	6.188e-05
6_77224236_C_T	1.300e-02	0.40	6.203e-05
4_66237551_C_G	-3.700e-02	0.03	6.207e-05
6_76929564_A_C	-1.300e-02	0.62	6.208e-05
8_81024183_G_C	1.300e-02	0.45	6.22e-05
2_28367249_G_A	-1.400e-02	0.73	6.225e-05
3_131986144_A_C	-1.400e-02	0.27	6.225e-05
7_50699818_C_A	1.900e-02	0.13	6.226e-05
5_167455001_G_C	-2.000e-02	0.11	6.236e-05
3_185515635_G_A	1.300e-02	0.29	6.261e-05
6_153383590_G_A	1.400e-02	0.25	6.273e-05
8_81058344_A_G	1.300e-02	0.44	6.278e-05
12_133044914_C_T	1.500e-02	0.65	6.279e-05
3_131952108_C_T	-1.300e-02	0.29	6.281e-05
3_131983732_C_G	-1.400e-02	0.27	6.286e-05
6_77217750_G_C	1.300e-02	0.39	6.289e-05
4_66237843_T_C	-3.700e-02	0.03	6.306e-05
6_20881386_C_T	-1.500e-02	0.22	6.313e-05
11_46273240_T_G	-1.400e-02	0.42	6.315e-05
3_25561488_A_G	-1.800e-02	0.15	6.316e-05
22_43510219_A_G	-1.500e-02	0.62	6.316e-05
4_65764644_G_T	-5.200e-02	0.02	6.336e-05
2_28354745_A_G	1.400e-02	0.27	6.337e-05
8_81035358_G_A	1.300e-02	0.45	6.338e-05
13_85822484_T_A	2.700e-02	0.06	6.368e-05
19_44219978_G_C	3.800e-02	0.04	6.372e-05
16_54685198_A_G	1.600e-02	0.28	6.372e-05
2_27386799_T_C	-1.400e-02	0.67	6.391e-05
3_131967253_G_C	-1.300e-02	0.29	6.393e-05
2_27243364_A_G	-1.300e-02	0.66	6.443e-05
1_56803162_C_A	4.000e-02	0.02	6.451e-05
2_28361831_T_C	1.400e-02	0.27	6.483e-05
3_185513296_T_A	1.300e-02	0.29	6.484e-05
14_100788640_A_G	-2.000e-02	0.16	6.494e-05
6_39039503_T_G	1.600e-02	0.17	6.509e-05
8_81045007_C_T	1.200e-02	0.42	6.516e-05
3_131978432_A_G	-1.400e-02	0.27	6.521e-05
2_43586287_T_G	-2.100e-02	0.08	6.522e-05
6_33432160_G_A	1.300e-02	0.37	6.555e-05
9_88902663_C_T	1.300e-02	0.62	6.561e-05
4_66239196_C_T	-3.700e-02	0.03	6.563e-05
16_68353915_C_T	-1.800e-02	0.14	6.599e-05
3_131982970_G_C	-1.400e-02	0.27	6.612e-05
15_62440839_A_T	-1.300e-02	0.50	6.612e-05
3_70625243_A_C	1.600e-02	0.20	6.638e-05
4_66240703_A_G	-3.700e-02	0.03	6.647e-05
2_27515105_A_G	1.500e-02	0.21	6.65e-05
7_89946003_T_C	1.200e-02	0.53	6.656e-05
5_141675131_A_T	1.300e-02	0.47	6.659e-05
2_169602748_C_G	1.400e-02	0.69	6.67e-05
1_56802279_T_C	4.000e-02	0.02	6.671e-05
11_47334524_G_A	1.600e-02	0.17	6.686e-05
2_27225144_C_A	1.300e-02	0.35	6.701e-05
7_15026787_G_A	4.200e-02	0.33	6.707e-05
18_4320271_C_G	1.600e-02	0.19	6.707e-05
7_89935704_A_G	1.200e-02	0.53	6.713e-05
13_93957816_G_A	1.500e-02	0.21	6.721e-05
7_89933874_C_G	1.200e-02	0.53	6.737e-05
1_248871582_G_A	2.100e-02	0.12	6.748e-05
4_66242049_T_A	-3.700e-02	0.03	6.749e-05
6_77123667_A_G	-1.300e-02	0.63	6.78e-05
1_248871395_G_T	2.100e-02	0.12	6.793e-05
4_66236191_A_C	-3.700e-02	0.03	6.809e-05
2_27508710_C_T	1.500e-02	0.21	6.829e-05
1_248865557_G_A	2.000e-02	0.11	6.836e-05
1_177427162_T_C	2.400e-02	0.08	6.839e-05
6_77227275_A_G	1.300e-02	0.40	6.856e-05
1_248872346_C_G	2.100e-02	0.13	6.857e-05
7_89900207_A_C	1.200e-02	0.52	6.859e-05
16_68293320_T_C	-1.700e-02	0.17	6.863e-05
2_232914378_A_G	-1.300e-02	0.59	6.871e-05
11_47349969_C_A	1.500e-02	0.21	6.871e-05
11_4049129_C_T	2.100e-02	0.91	6.876e-05
5_106626394_G_A	2.100e-02	0.11	6.88e-05
3_185526690_T_A	1.300e-02	0.29	6.881e-05
1_248849812_A_G	-2.000e-02	0.88	6.884e-05
5_106626686_G_A	2.100e-02	0.11	6.892e-05
17_46136751_G_C	-4.000e-02	0.03	6.917e-05
7_85812692_A_G	1.700e-02	0.18	6.921e-05
9_88903367_T_A	1.300e-02	0.62	6.923e-05
8_81024974_C_T	1.300e-02	0.44	6.937e-05
2_27382653_G_C	-1.300e-02	0.64	6.947e-05
9_19697178_G_T	5.900e-02	0.03	6.948e-05
12_133021634_G_A	-1.300e-02	0.36	6.948e-05
7_50661409_T_C	-1.300e-02	0.38	6.954e-05
13_85821475_A_G	2.600e-02	0.06	6.97e-05
6_4965837_G_C	-1.300e-02	0.47	6.972e-05
7_50713200_T_C	1.800e-02	0.13	6.982e-05
1_248868560_C_T	2.100e-02	0.12	6.984e-05
3_131981255_G_A	-1.400e-02	0.27	6.991e-05
16_7504854_G_A	1.200e-02	0.42	6.991e-05
2_43753913_A_C	-2.000e-02	0.09	7.012e-05
15_99289638_C_G	-1.300e-02	0.64	7.024e-05
3_170625806_C_T	-1.500e-02	0.38	7.024e-05
4_103551603_A_G	-1.200e-02	0.49	7.026e-05
10_93428286_C_T	1.300e-02	0.64	7.03e-05
4_66244543_T_A	-3.700e-02	0.03	7.048e-05
8_9199305_T_C	1.900e-02	0.10	7.05e-05
3_168243696_C_G	2.100e-02	0.08	7.057e-05
5_106627016_G_A	2.100e-02	0.11	7.086e-05
14_100788977_G_A	-1.900e-02	0.16	7.104e-05
4_66244553_T_A	-3.700e-02	0.03	7.112e-05
2_148846687_A_G	-1.200e-02	0.43	7.116e-05
2_27280127_G_A	-1.300e-02	0.70	7.126e-05
1_56802204_C_T	4.100e-02	0.02	7.131e-05
12_121829943_C_T	1.200e-02	0.50	7.145e-05
4_65895181_T_C	-1.100e+00	0.99	7.16e-05
14_91928286_C_T	-1.300e-02	0.31	7.169e-05
17_79105850_T_C	1.600e-02	0.80	7.172e-05
2_148842379_G_C	-1.200e-02	0.42	7.18e-05
11_46743141_C_A	-1.200e-01	0.0013	7.189e-05
1_248863776_T_A	2.000e-02	0.12	7.193e-05
13_85819674_T_C	2.600e-02	0.06	7.194e-05
6_153427265_G_A	1.300e-02	0.30	7.201e-05
13_85820285_T_G	2.600e-02	0.06	7.209e-05
6_33444074_T_G	1.300e-02	0.37	7.209e-05
10_114748617_G_A	1.200e-02	0.47	7.219e-05
1_248861666_G_A	2.000e-02	0.12	7.219e-05
2_146372021_C_T	-1.200e-02	0.57	7.232e-05
13_85829883_A_G	2.700e-02	0.06	7.246e-05
4_66244695_C_T	-3.700e-02	0.03	7.252e-05
3_185510613_T_G	1.300e-02	0.29	7.253e-05
2_27935352_C_A	1.700e-02	0.16	7.268e-05
11_4062047_C_A	2.100e-02	0.92	7.276e-05
11_92816900_T_C	-1.200e-02	0.47	7.305e-05
2_225397170_T_C	-1.200e-02	0.46	7.308e-05
1_248843314_C_T	-1.900e-02	0.79	7.323e-05
2_169754846_T_C	-1.300e-02	0.55	7.325e-05
14_90046070_G_A	-1.300e-02	0.65	7.33e-05
11_92749586_C_A	1.300e-02	0.55	7.332e-05
18_73423970_C_T	-1.300e-02	0.30	7.367e-05
3_123078079_G_A	1.200e-02	0.56	7.367e-05
10_93413044_A_C	1.300e-02	0.64	7.369e-05
5_106629179_A_G	2.100e-02	0.11	7.388e-05
3_187509547_A_G	1.300e-02	0.30	7.396e-05
6_99026962_G_T	-1.900e-01	1.00	7.4e-05
7_50730452_G_A	-1.400e-02	0.75	7.401e-05
2_27179371_A_G	-1.300e-02	0.65	7.403e-05
5_106625115_T_G	2.100e-02	0.11	7.421e-05
3_78385033_G_A	-1.400e-02	0.25	7.428e-05
3_187505774_A_G	1.300e-02	0.30	7.431e-05
11_45889775_C_T	1.500e-02	0.22	7.435e-05
10_93415130_G_C	1.300e-02	0.64	7.467e-05
6_77233124_G_A	1.200e-02	0.40	7.468e-05
9_88870898_C_T	1.300e-02	0.62	7.469e-05
11_92810275_C_T	-1.200e-02	0.47	7.473e-05
6_77226819_T_C	1.200e-02	0.40	7.484e-05
3_170610316_A_C	-1.300e-02	0.38	7.487e-05
2_28081630_G_T	1.600e-02	0.19	7.492e-05
11_72669777_T_C	-1.500e-02	0.19	7.493e-05
5_167457553_G_A	-2.000e-02	0.12	7.494e-05
8_81019703_T_C	1.200e-02	0.42	7.524e-05
2_27930837_C_T	1.700e-02	0.18	7.527e-05
10_93412452_A_G	1.300e-02	0.64	7.529e-05
5_88538943_G_A	-1.700e-02	0.22	7.532e-05
2_43610027_C_T	-2.100e-02	0.08	7.538e-05
14_91920713_A_C	-1.300e-02	0.34	7.55e-05
7_89943389_C_T	1.200e-02	0.53	7.579e-05
3_36466050_G_A	1.300e-02	0.56	7.587e-05
3_185530290_T_C	1.300e-02	0.29	7.593e-05
11_72615069_C_G	-1.500e-02	0.19	7.594e-05
22_47927961_C_T	1.400e-02	0.26	7.602e-05
2_148924578_A_G	-1.200e-02	0.42	7.61e-05
8_9200251_C_T	1.900e-02	0.09	7.63e-05
7_85793197_G_C	1.700e-02	0.20	7.633e-05
7_50686108_G_C	1.900e-02	0.13	7.695e-05
5_106627040_G_A	2.100e-02	0.11	7.709e-05
5_106626901_T_G	2.100e-02	0.11	7.72e-05
11_45947464_G_C	1.500e-02	0.27	7.751e-05
5_106624045_A_G	2.000e-02	0.11	7.758e-05
3_185510190_T_C	1.300e-02	0.29	7.764e-05
2_148864949_G_C	-1.300e-02	0.43	7.794e-05
6_153402841_T_C	1.300e-02	0.30	7.799e-05
11_4114539_G_A	2.200e-02	0.92	7.844e-05
11_72412675_A_G	1.400e-02	0.51	7.869e-05
12_97868654_C_G	-2.100e-02	0.11	7.895e-05
6_77250804_T_G	1.300e-02	0.40	7.903e-05
7_50703084_A_G	1.800e-02	0.13	7.907e-05
10_114748497_C_T	1.200e-02	0.47	7.947e-05
6_24280101_G_A	1.800e-02	0.11	7.952e-05
16_7505029_A_C	1.200e-02	0.44	7.953e-05
11_3631058_A_G	-1.600e-02	0.22	7.967e-05
8_9211723_G_A	1.900e-02	0.10	8.009e-05
2_27247832_T_C	-1.300e-02	0.65	8.017e-05
9_88901724_C_T	1.300e-02	0.62	8.045e-05
7_50739610_G_C	1.900e-02	0.11	8.053e-05
6_33431569_T_C	1.300e-02	0.38	8.054e-05
3_185534482_G_A	1.300e-02	0.29	8.087e-05
8_81035634_C_T	1.200e-02	0.41	8.113e-05
9_4295583_A_G	-1.200e-02	0.54	8.129e-05
3_77505705_C_T	1.300e-02	0.47	8.133e-05
11_92705307_C_T	-2.000e-02	0.08	8.156e-05
2_146368192_G_A	-1.200e-02	0.57	8.195e-05
2_232927742_G_T	-1.300e-02	0.70	8.197e-05
3_185507299_A_T	1.300e-02	0.29	8.218e-05
13_93831475_C_T	1.800e-02	0.15	8.221e-05
2_232950374_G_A	-1.300e-02	0.70	8.225e-05
6_153407553_T_C	-1.200e-02	0.58	8.244e-05
8_81049380_T_A	1.200e-02	0.42	8.265e-05
3_170756985_T_G	-2.300e-02	0.10	8.267e-05
13_85812998_T_G	2.600e-02	0.06	8.305e-05
9_113058357_A_G	1.400e-02	0.28	8.357e-05
20_16725846_C_T	-2.200e-02	0.14	8.36e-05
16_68378341_C_T	-1.800e-02	0.14	8.399e-05
7_85673065_G_T	1.600e-02	0.17	8.399e-05
7_50699125_T_C	1.800e-02	0.13	8.409e-05
11_47349846_G_A	1.500e-02	0.17	8.429e-05
2_27184446_A_G	-1.300e-02	0.65	8.432e-05
2_232835711_T_G	1.200e-02	0.41	8.439e-05
6_24223579_T_C	2.800e-02	0.05	8.44e-05
3_70613551_A_T	1.600e-02	0.19	8.452e-05
4_22079733_A_G	-3.600e-02	0.04	8.469e-05
3_131929892_T_C	-1.300e-02	0.28	8.476e-05
11_47347260_C_T	1.500e-02	0.17	8.477e-05
5_130205584_C_G	-1.700e-02	0.16	8.527e-05
10_114761697_A_C	1.200e-02	0.47	8.545e-05
8_57606505_G_A	-1.300e-02	0.42	8.55e-05
11_47352138_C_T	1.600e-02	0.17	8.583e-05
6_17542616_T_G	2.100e-02	0.07	8.587e-05
6_20920123_A_G	-1.500e-02	0.21	8.589e-05
6_24189275_G_A	2.900e-02	0.05	8.59e-05
3_107036184_T_C	4.800e-02	0.16	8.605e-05
16_68372730_G_A	-1.800e-02	0.13	8.611e-05
2_27169490_T_C	-1.300e-02	0.65	8.626e-05
4_103557753_T_C	-1.200e-02	0.49	8.645e-05
2_28373552_A_G	-1.400e-02	0.73	8.648e-05
7_158719253_G_A	2.100e-02	0.14	8.654e-05
11_47354068_G_A	1.600e-02	0.17	8.655e-05
7_50728482_C_A	1.800e-02	0.13	8.656e-05
2_232907292_C_A	-1.200e-02	0.59	8.657e-05
15_69008711_C_T	3.100e-02	0.96	8.662e-05
11_4072871_A_G	2.100e-02	0.92	8.666e-05
8_127337494_A_C	-1.300e-02	0.73	8.675e-05
3_25569043_A_G	-1.800e-02	0.13	8.677e-05
11_1977552_G_A	1.800e-02	0.20	8.684e-05
19_46304585_G_T	-1.300e-02	0.42	8.685e-05
2_135205640_A_C	-7.200e-02	0.03	8.719e-05
21_39599025_A_G	-2.400e-02	0.54	8.729e-05
6_76935607_G_C	-1.300e-02	0.62	8.73e-05
2_169687359_G_A	-1.300e-02	0.36	8.736e-05
2_148818437_C_T	-1.200e-02	0.43	8.747e-05
7_50727564_T_C	1.800e-02	0.13	8.749e-05
3_123082416_A_G	1.200e-02	0.56	8.767e-05
11_4066656_G_A	2.100e-02	0.92	8.77e-05
3_185149365_C_T	-1.300e-02	0.73	8.794e-05
6_77253367_T_C	1.300e-02	0.40	8.802e-05
2_28358479_T_C	-1.400e-02	0.73	8.816e-05
3_185505787_C_T	1.300e-02	0.29	8.835e-05
2_148853100_T_C	-1.200e-02	0.43	8.836e-05
2_36253380_A_G	1.500e-02	0.19	8.844e-05
2_36255356_T_C	1.500e-02	0.19	8.848e-05
11_88519542_C_T	-3.600e-02	0.68	8.87e-05
11_4064661_G_A	2.100e-02	0.92	8.895e-05
8_121941497_C_G	1.500e-02	0.23	8.913e-05
11_120605232_G_A	-7.100e-02	0.22	8.915e-05
6_77169168_A_G	1.200e-02	0.37	8.933e-05
2_148956584_T_C	-1.300e-02	0.42	8.942e-05
8_118193200_G_T	-1.700e-02	0.82	8.949e-05
13_93954967_A_G	1.500e-02	0.22	8.951e-05
16_7504596_A_G	1.200e-02	0.43	8.953e-05
7_14842034_G_A	1.500e-02	0.19	8.955e-05
4_22078553_C_A	-3.600e-02	0.04	8.961e-05
4_65411690_T_G	2.700e-02	0.94	8.98e-05
11_2000504_C_T	1.700e-02	0.17	9.025e-05
3_25567938_T_C	-1.800e-02	0.14	9.036e-05
5_95475649_A_G	-2.500e-02	0.09	9.039e-05
8_9220139_G_A	1.900e-02	0.10	9.043e-05
5_106622615_G_A	2.000e-02	0.11	9.046e-05
2_27250603_A_G	-1.200e-02	0.65	9.047e-05
2_36252307_T_G	1.500e-02	0.19	9.059e-05
7_14842620_A_G	1.500e-02	0.19	9.062e-05
12_98811405_G_A	-3.600e-02	0.03	9.07e-05
4_65411542_T_C	2.700e-02	0.94	9.104e-05
2_36250292_T_C	1.500e-02	0.19	9.105e-05
6_77242394_T_C	1.200e-02	0.39	9.106e-05
5_116875404_A_C	1.400e-02	0.21	9.112e-05
11_72721271_C_A	-1.500e-02	0.19	9.112e-05
8_127365665_A_C	1.400e-02	0.25	9.113e-05
11_1984911_C_T	1.700e-02	0.18	9.12e-05
6_76935422_C_A	-1.300e-02	0.62	9.12e-05
15_68991147_T_G	3.100e-02	0.96	9.12e-05
15_62414014_C_T	-1.200e-02	0.56	9.124e-05
4_65412829_C_T	2.700e-02	0.94	9.124e-05
11_4053881_A_G	-2.100e-02	0.09	9.129e-05
12_133038610_G_A	1.400e-02	0.65	9.151e-05
11_45862764_C_A	3.600e-02	0.03	9.163e-05
16_56644265_G_A	-1.900e-02	0.16	9.169e-05
5_167426585_T_A	-1.900e-02	0.12	9.176e-05
2_27384579_A_G	-1.300e-02	0.64	9.203e-05
11_1999658_G_A	1.700e-02	0.17	9.211e-05
11_2000271_G_A	1.700e-02	0.17	9.223e-05
2_27483101_G_T	1.400e-02	0.22	9.249e-05
11_92770289_G_T	-1.600e-02	0.79	9.257e-05
2_169700838_C_A	-1.300e-02	0.36	9.261e-05
6_24275969_C_T	3.600e-02	0.0026	9.265e-05
16_14027743_T_A	-1.300e-01	0.01	9.294e-05
11_4104745_C_G	2.100e-02	0.92	9.299e-05
12_24907715_C_T	-2.500e-02	0.06	9.325e-05
11_4079318_C_T	2.100e-02	0.92	9.327e-05
16_68344363_A_C	-1.800e-02	0.13	9.337e-05
7_156410334_G_A	2.200e-02	0.10	9.34e-05
11_92751333_T_G	1.300e-02	0.47	9.35e-05
8_9203101_A_C	-1.400e-02	0.26	9.351e-05
11_4045467_G_C	2.100e-02	0.92	9.367e-05
3_185511687_G_T	1.300e-02	0.29	9.374e-05
3_77334841_C_T	-1.300e-02	0.37	9.391e-05
18_53749710_G_A	-2.300e-02	0.11	9.396e-05
1_248868778_G_A	2.000e-02	0.12	9.411e-05
8_57606912_A_G	-1.300e-02	0.42	9.412e-05
10_43744860_C_G	1.200e-02	0.55	9.468e-05
6_153406657_G_A	-1.200e-02	0.58	9.469e-05
1_153128432_T_C	3.400e-02	0.04	9.475e-05
2_169276028_T_C	-3.100e-02	0.04	9.486e-05
15_68992062_G_A	3.100e-02	0.96	9.49e-05
2_148956136_C_T	-1.200e-02	0.42	9.5e-05
13_26761382_C_T	2.800e-02	0.05	9.51e-05
2_43705265_A_G	-2.000e-02	0.10	9.514e-05
6_77156554_T_C	1.200e-02	0.37	9.523e-05
7_25245779_C_T	-1.600e-02	0.17	9.528e-05
2_233082988_T_C	1.300e-02	0.41	9.531e-05
2_148854617_G_T	-1.200e-02	0.43	9.541e-05
12_121893626_A_G	1.200e-02	0.51	9.55e-05
8_9221207_G_A	1.900e-02	0.10	9.56e-05
6_77158618_C_T	1.200e-02	0.37	9.605e-05
2_148936180_A_C	-1.200e-02	0.42	9.608e-05
6_77161277_G_A	1.200e-02	0.37	9.608e-05
12_133021157_A_G	-1.400e-02	0.48	9.611e-05
6_77157625_C_G	1.200e-02	0.37	9.615e-05
19_46309203_A_C	1.300e-02	0.32	9.617e-05
10_101038592_T_C	-6.900e-01	0.0013	9.625e-05
2_27474306_C_T	1.400e-02	0.22	9.638e-05
2_232962909_A_G	-1.200e-02	0.59	9.658e-05
20_39734003_C_A	1.700e-02	0.17	9.661e-05
2_27474869_G_A	1.400e-02	0.23	9.669e-05
6_153443159_A_G	1.300e-02	0.30	9.679e-05
6_77156038_T_C	1.200e-02	0.37	9.681e-05
5_148291599_T_C	3.000e-02	0.04	9.685e-05
16_68364358_C_G	-1.800e-02	0.14	9.71e-05
5_95593462_A_C	-1.300e-02	0.66	9.718e-05
10_114789077_T_C	1.200e-02	0.46	9.72e-05
10_70989901_G_T	1.400e-02	0.35	9.735e-05
8_118198071_C_T	-1.700e-02	0.81	9.757e-05
2_36257178_C_G	1.500e-02	0.19	9.76e-05
11_4043196_A_T	2.100e-02	0.91	9.787e-05
13_111892394_C_T	-1.300e-02	0.39	9.801e-05
6_77154643_C_T	1.200e-02	0.38	9.804e-05
2_27475318_G_C	1.400e-02	0.22	9.843e-05
2_27471996_A_G	1.400e-02	0.22	9.846e-05
7_50769251_G_A	-1.500e-02	0.73	9.853e-05
11_45701575_C_G	-1.200e-02	0.59	9.858e-05
4_65416141_T_C	2.700e-02	0.94	9.878e-05
7_14842741_A_C	1.400e-02	0.20	9.898e-05
12_121924332_G_T	-1.200e-02	0.52	9.898e-05
2_28235955_T_C	1.500e-02	0.19	9.902e-05
2_148872237_G_A	-1.200e-02	0.43	9.921e-05
2_148954180_A_G	-1.200e-02	0.42	9.938e-05
6_77151212_C_T	1.200e-02	0.37	9.972e-05
7_14842230_C_T	1.400e-02	0.19	9.978e-05
8_29875964_G_A	-1.300e-02	0.54	9.979e-05
8_118202372_C_T	-1.700e-02	0.82	9.987e-05
