6_30174131_C_T	-1.714e-01	0.17	4.30138E-11
6_30170510_T_C	-1.706e-01	0.17	4.63613E-11
6_30170280_A_G	-1.704e-01	0.17	4.78585E-11
6_30171827_T_C	-1.702e-01	0.17	4.96667E-11
6_30172513_A_C	-1.713e-01	0.17	5.10841E-11
6_30174633_C_A	-1.706e-01	0.17	5.39526E-11
6_30166266_C_T	-1.687e-01	0.17	9.2008E-11
6_30163955_G_A	-1.676e-01	0.17	1.20473E-10
6_30165273_C_T	-1.672e-01	0.17	1.29501E-10
6_30169327_A_G	-1.663e-01	0.17	1.33679E-10
6_27710165_A_C	-2.255e-01	0.09	1.56228E-10
6_27261324_C_T	-1.727e-01	0.16	3.49798E-10
6_27805255_A_C	-2.286e-01	0.07	5.07118E-10
6_27815639_A_G	-2.275e-01	0.07	5.45011E-10
6_27806985_A_G	-2.274e-01	0.07	6.19818E-10
6_27834085_A_G	-2.266e-01	0.07	7.05379E-10
6_28700352_T_G	1.822e-01	0.85	9.11882E-10
6_28689672_C_A	1.821e-01	0.85	9.38014E-10
6_27669976_A_G	-2.226e-01	0.07	1.00923E-9
6_28250984_G_A	-1.822e-01	0.12	1.23604E-9
6_26157762_C_T	-1.967e-01	0.12	1.4581E-9
6_27701122_T_C	-2.371e-01	0.07	1.49077E-9
6_28214698_C_T	-2.004e-01	0.09	1.79494E-9
6_28366151_A_G	-2.168e-01	0.08	1.98264E-9
6_28296863_C_A	-1.785e-01	0.11	2.11016E-9
6_28288785_C_T	-1.783e-01	0.11	2.24582E-9
6_30932068_G_A	-1.729e-01	0.13	2.68978E-9
6_30321057_G_A	-1.883e-01	0.10	2.76398E-9
6_30919391_G_A	-1.822e-01	0.11	2.79702E-9
6_28299687_C_T	-1.770e-01	0.11	2.82772E-9
6_30920124_G_A	-1.806e-01	0.10	3.2403E-9
6_28349698_A_G	-2.128e-01	0.08	3.663E-9
6_30650026_G_A	-1.977e-01	0.09	3.94534E-9
6_28060239_T_C	-2.140e-01	0.08	4.12863E-9
6_28630691_G_A	-2.120e-01	0.07	4.67411E-9
6_28242794_A_C	-1.750e-01	0.12	5.00809E-9
6_28229881_C_T	1.748e-01	0.88	5.03498E-9
6_28239915_G_A	-1.759e-01	0.12	5.06144E-9
6_28234597_C_T	-1.760e-01	0.12	5.08513E-9
6_30652781_C_T	-1.890e-01	0.09	5.17539E-9
6_30644137_T_C	-1.888e-01	0.09	5.61213E-9
6_30321482_T_C	-1.847e-01	0.10	5.67655E-9
6_27534528_A_G	-2.120e-01	0.07	5.80353E-9
6_30321732_C_A	-1.843e-01	0.10	5.94623E-9
6_28221816_A_G	1.760e-01	0.88	5.9613E-9
6_26158079_A_C	-1.903e-01	0.12	6.00817E-9
6_28678357_T_C	1.893e-01	0.90	6.09696E-9
6_28296650_C_A	-1.724e-01	0.11	6.32948E-9
6_30913458_G_A	-1.758e-01	0.10	6.34681E-9
6_28268452_G_C	-1.716e-01	0.11	6.59707E-9
6_28753646_C_T	-2.090e-01	0.08	6.81119E-9
6_28768698_C_T	-2.089e-01	0.08	6.97338E-9
6_30618906_A_G,T	-1.879e-01	0.09	7.04679E-9
6_28257377_T_C	-2.107e-01	0.08	7.05053E-9
6_28124114_C_T	-2.120e-01	0.08	7.10744E-9
6_27278020_C_A	-1.615e-01	0.16	7.34451E-9
6_30038647_T_C	-1.952e-01	0.08	8.41625E-9
6_30321189_A_C	-1.823e-01	0.10	8.69323E-9
6_30032522_A_C	-1.948e-01	0.08	8.79651E-9
6_30907335_T_C	-1.750e-01	0.12	8.9939E-9
6_28228342_A_G	1.730e-01	0.88	9.3932E-9
6_28775564_G_A	-2.067e-01	0.08	9.79844E-9
6_28802149_G_A	-2.064e-01	0.07	1.00883E-8
6_29248149_T_C	-2.050e-01	0.08	1.0177E-8
6_27884012_C_T	-2.080e-01	0.08	1.02055E-8
6_30708955_C_T	-1.856e-01	0.09	1.03369E-8
6_28831021_T_G	-2.060e-01	0.07	1.06458E-8
6_30321336_C_T	-1.812e-01	0.10	1.07275E-8
6_30914843_C_T	-1.645e-01	0.13	1.08799E-8
6_28803291_C_T	-2.059e-01	0.07	1.10317E-8
6_28833101_T_G	-2.057e-01	0.07	1.11688E-8
6_28838629_T_C	-2.055e-01	0.07	1.1437E-8
6_30544401_A_G	-1.865e-01	0.09	1.191E-8
6_30279130_G_A	-1.924e-01	0.08	1.24066E-8
6_32599999_G_A	-1.187e-01	0.54	1.26691E-8
6_29167575_G_A	-2.030e-01	0.07	1.27164E-8
6_28731188_T_G	-2.049e-01	0.08	1.28838E-8
6_30153363_G_A	-1.927e-01	0.08	1.31887E-8
6_29057639_G_A	-2.029e-01	0.08	1.3294E-8
6_29095908_G_A	-2.036e-01	0.07	1.35283E-8
6_28734676_G_A	-2.036e-01	0.08	1.40963E-8
8_89760311_A_G	1.532e-01	0.22	1.44683E-8
6_29986324_T_A	-1.915e-01	0.08	1.44707E-8
6_30137387_G_A	-1.925e-01	0.08	1.45773E-8
6_28745452_G_A	-2.040e-01	0.08	1.47116E-8
6_30365448_T_C	-1.897e-01	0.08	1.5556E-8
6_27256102_A_C	-1.343e-01	0.25	1.57224E-8
6_28776117_G_A	-2.037e-01	0.07	1.60591E-8
6_30127805_A_G	-1.919e-01	0.08	1.6367E-8
6_28855805_A_C	-2.024e-01	0.07	1.65102E-8
6_30296253_G_A	-1.907e-01	0.08	1.7873E-8
6_28980707_A_G	-2.015e-01	0.07	1.84636E-8
6_28954293_G_A	-2.014e-01	0.07	1.85212E-8
6_28898287_C_T	-2.089e-01	0.07	1.87457E-8
6_30327952_A_G	-1.883e-01	0.09	1.95635E-8
8_89760620_A_G	1.529e-01	0.22	1.99155E-8
6_30328357_C_T	-1.884e-01	0.08	2.0293E-8
6_30327839_G_T	-1.881e-01	0.08	2.03449E-8
6_29211556_T_A	-1.992e-01	0.07	2.10638E-8
6_30323393_C_T	-1.881e-01	0.08	2.17211E-8
6_28905791_G_A	-2.008e-01	0.08	2.21363E-8
6_30796545_T_C	-1.717e-01	0.11	2.22235E-8
10_104906211_T_C	-2.047e-01	0.09	2.2317E-8
6_30333505_G_T	-1.872e-01	0.08	2.29283E-8
18_53194961_T_C	3.411e-01	0.03	2.34995E-8
6_32575325_A_G	-1.220e-01	0.35	2.41961E-8
6_30330737_A_G	-1.876e-01	0.08	2.52337E-8
6_28920972_G_A	-1.998e-01	0.08	2.52764E-8
6_29435355_T_C	-1.935e-01	0.08	2.6223E-8
6_30515043_T_C	-1.833e-01	0.09	2.63315E-8
6_28395506_C_T	-1.293e-01	0.29	2.70701E-8
6_28948092_G_T	-1.994e-01	0.07	2.71036E-8
6_28712663_A_G	-1.998e-01	0.08	2.7238E-8
6_30931844_T_C	-1.681e-01	0.11	2.74354E-8
6_28170297_G_A	-1.698e-01	0.11	2.87551E-8
11_125461709_A_G	1.838e-01	0.88	2.91065E-8
6_28923367_A_G	-1.989e-01	0.07	2.97887E-8
6_28203300_A_G	-1.703e-01	0.11	3.04056E-8
6_32574171_G_C	-1.208e-01	0.37	3.0694E-8
6_30328753_T_C	-1.857e-01	0.09	3.07687E-8
6_28370078_G_A	-1.328e-01	0.23	3.17041E-8
6_29458241_A_G	-1.919e-01	0.08	3.32732E-8
6_32755290_T_C	-1.935e-01	0.08	3.34562E-8
6_29537224_A_G	-1.912e-01	0.08	3.40971E-8
6_28891176_T_C	-1.973e-01	0.07	3.60865E-8
10_104869038_T_C	-2.013e-01	0.09	3.81564E-8
6_30329966_G_A	-1.844e-01	0.08	3.96386E-8
6_27446566_T_C	-1.953e-01	0.08	4.02935E-8
6_29335154_T_C	-1.827e-01	0.09	4.23656E-8
6_28097193_G_A	-1.685e-01	0.10	4.30088E-8
18_53205938_G_A	3.291e-01	0.03	4.35387E-8
6_28390137_T_A	-1.315e-01	0.23	4.61843E-8
6_28400339_G_A	-1.316e-01	0.23	4.65511E-8
6_27491299_G_A	-1.937e-01	0.08	4.74347E-8
6_28346910_T_C	-1.315e-01	0.23	4.75173E-8
6_26582035_C_T	-2.059e-01	0.08	5.04729E-8
6_28309590_T_C	-1.375e-01	0.20	5.05285E-8
7_2226162_A_G	-1.164e-01	0.38	5.06103E-8
6_30363351_A_T	-1.827e-01	0.08	5.16454E-8
7_2041432_A_G	-1.167e-01	0.39	5.28423E-8
6_30723781_G_A	-1.746e-01	0.09	5.38744E-8
6_28325201_C_G	-1.380e-01	0.19	5.41889E-8
6_28143118_A_G	-1.681e-01	0.10	5.62984E-8
6_28092685_C_T	-1.672e-01	0.10	6.24353E-8
10_104846178_T_C	-1.993e-01	0.09	6.39413E-8
10_104871204_A_G	-1.998e-01	0.09	6.69572E-8
6_29523957_A_G	-1.895e-01	0.08	6.78201E-8
6_28325308_C_T	-1.367e-01	0.19	7.08893E-8
6_32611641_A_G	-1.250e-01	0.22	7.20104E-8
6_32751962_C_T	-1.880e-01	0.08	7.38E-8
6_27413924_A_G	-2.040e-01	0.07	7.49211E-8
6_28079741_C_A	-1.658e-01	0.10	7.68699E-8
6_29346329_A_G	-1.762e-01	0.10	7.75429E-8
10_104901491_T_C	-1.987e-01	0.09	7.8027E-8
6_30721143_C_T	-1.725e-01	0.09	7.91912E-8
10_104851301_G_T	-1.987e-01	0.09	8.00204E-8
6_29442701_C_T	-1.884e-01	0.08	8.05503E-8
6_30864279_C_T	-1.713e-01	0.09	8.15005E-8
6_30855211_T_G	-1.729e-01	0.08	8.40217E-8
6_30335621_A_G	-1.744e-01	0.09	8.46451E-8
6_28107357_T_C	-1.662e-01	0.10	8.52478E-8
6_30725841_C_T	-1.714e-01	0.09	8.54735E-8
6_32429719_C_A	-1.273e-01	0.26	8.63598E-8
10_104939215_T_C	-1.979e-01	0.09	8.68389E-8
10_104773364_C_T	-1.969e-01	0.09	8.70595E-8
6_30787762_C_A	-1.676e-01	0.09	8.80925E-8
6_30872982_G_A	-1.706e-01	0.09	9.25641E-8
6_27689502_G_A	-1.442e-01	0.17	9.30083E-8
6_30726939_A_C	-1.523e-01	0.13	9.33119E-8
10_104897901_T_C	-1.949e-01	0.09	9.50395E-8
6_32430729_C_T	-1.268e-01	0.26	9.58388E-8
6_29260431_C_T	-1.866e-01	0.08	9.70159E-8
6_30857894_G_A	-1.706e-01	0.09	9.82412E-8
6_28390230_C_T	-1.218e-01	0.28	9.87329E-8
10_104764271_T_C	-1.943e-01	0.09	1.02479E-7
6_32430167_A_C	-1.265e-01	0.26	1.02519E-7
6_28696063_A_C	1.856e-01	0.92	1.03219E-7
6_28269663_A_G	-1.191e-01	0.29	1.11217E-7
6_29356687_G_T	-1.868e-01	0.08	1.1179E-7
6_29266483_G_A	-1.885e-01	0.08	1.16831E-7
6_30879636_C_T	-1.701e-01	0.08	1.24832E-7
6_30977680_G_A	-1.703e-01	0.08	1.24852E-7
6_28291240_A_G	-1.187e-01	0.29	1.2486E-7
6_30342753_G_A	-1.716e-01	0.10	1.25343E-7
6_29461730_G_C	-1.851e-01	0.08	1.26384E-7
6_32431292_T_A	-1.256e-01	0.25	1.26917E-7
10_104660004_A_G	-1.923e-01	0.09	1.30103E-7
6_28832788_A_G	-1.836e-01	0.08	1.3103E-7
6_29411432_T_C	-1.852e-01	0.08	1.31923E-7
6_32435123_A_G	-1.255e-01	0.24	1.3371E-7
6_32438598_T_C	-1.255e-01	0.25	1.34325E-7
6_30782002_C_T	-1.645e-01	0.09	1.34351E-7
6_32434939_T_C	-1.254e-01	0.26	1.35395E-7
6_28367683_T_G	-1.196e-01	0.28	1.36852E-7
10_104677126_C_T	-1.938e-01	0.09	1.37662E-7
6_32439323_C_T	-1.253e-01	0.26	1.38432E-7
6_28295039_A_G	-1.180e-01	0.29	1.3964E-7
6_30777498_A_G	-1.649e-01	0.09	1.39716E-7
6_29274136_T_C	-1.873e-01	0.08	1.41836E-7
6_32432406_A_G	-1.251e-01	0.25	1.43135E-7
10_104685299_C_A	-1.933e-01	0.09	1.47398E-7
11_125489621_A_G	1.729e-01	0.88	1.50685E-7
6_28365515_T_C	-1.190e-01	0.28	1.53468E-7
6_30122657_C_G	-1.660e-01	0.10	1.55859E-7
6_28368940_C_T	-1.189e-01	0.28	1.56402E-7
6_28370393_A_C	-1.189e-01	0.28	1.57066E-7
6_32414273_T_C	-1.237e-01	0.26	1.57968E-7
10_104775908_G_A	-1.098e-01	0.42	1.58265E-7
6_28331252_A_C	-1.187e-01	0.29	1.59179E-7
6_29477414_C_T	-1.777e-01	0.09	1.62507E-7
6_30879987_C_T	-1.668e-01	0.09	1.63983E-7
6_28340316_G_A	-1.193e-01	0.28	1.66461E-7
6_30764081_C_T	-1.636e-01	0.09	1.68344E-7
8_89605536_T_C	1.439e-01	0.19	1.69928E-7
6_28382262_C_A	-1.177e-01	0.29	1.7143E-7
6_28370246_C_T	-1.184e-01	0.28	1.71553E-7
6_28191057_C_T	-1.622e-01	0.10	1.72753E-7
6_30882415_C_T	-1.666e-01	0.09	1.72918E-7
6_30168319_G_T	-1.575e-01	0.11	1.73507E-7
6_28362471_T_C	-1.186e-01	0.28	1.74825E-7
6_28282648_G_A	-1.171e-01	0.29	1.7592E-7
6_32602269_G_T	-1.216e-01	0.27	1.76637E-7
6_28354533_C_T	-1.184e-01	0.28	1.7711E-7
11_125512619_T_C	1.719e-01	0.88	1.79376E-7
6_30343569_G_A	-1.697e-01	0.09	1.80797E-7
6_30838497_T_C	-1.664e-01	0.09	1.8701E-7
8_89605999_T_C	1.428e-01	0.18	1.89087E-7
6_28355875_C_T	-1.182e-01	0.28	1.89943E-7
10_104660256_G_A	-1.088e-01	0.42	1.90396E-7
6_27815823_T_G	-1.742e-01	0.08	1.95396E-7
8_4214179_A_G	-1.115e-01	0.62	1.96473E-7
8_89608690_T_C	1.421e-01	0.18	1.96521E-7
8_89582625_A_G	1.381e-01	0.21	1.9682E-7
6_30137209_G_A	-1.572e-01	0.11	1.98042E-7
6_29415464_C_A	-1.815e-01	0.08	1.9929E-7
6_28349725_A_G	-1.182e-01	0.28	2.01596E-7
6_28285482_G_A	-1.166e-01	0.29	2.02506E-7
6_30762542_C_T	-1.624e-01	0.09	2.032E-7
6_28382932_G_A	-1.181e-01	0.28	2.06401E-7
10_104829102_G_A	-1.109e-01	0.41	2.08131E-7
6_30204399_C_G	-1.550e-01	0.11	2.08334E-7
7_2036669_T_G	-1.098e-01	0.38	2.08796E-7
6_30738446_G_A	-1.626e-01	0.09	2.08812E-7
6_28271198_C_T	-1.165e-01	0.29	2.09013E-7
3_62064769_A_G	-1.351e-01	0.18	2.09062E-7
6_30169092_A_G	-1.556e-01	0.11	2.12458E-7
10_104719096_G_A	-1.893e-01	0.09	2.12715E-7
6_29356331_A_G	-1.804e-01	0.08	2.1369E-7
6_30181883_G_A	-1.554e-01	0.11	2.13794E-7
6_27816442_A_G	-1.736e-01	0.08	2.14232E-7
7_2167939_G_A	-1.105e-01	0.38	2.15411E-7
3_62064925_C_T	-1.372e-01	0.18	2.17236E-7
8_89644431_T_C	1.413e-01	0.19	2.1889E-7
8_89585048_G_A	1.373e-01	0.21	2.2149E-7
6_28358320_A_G	-1.175e-01	0.28	2.23172E-7
10_104679978_C_T	-1.085e-01	0.42	2.23299E-7
10_105331761_G_A	1.330e-01	0.19	2.25699E-7
7_2004421_C_T	-1.119e-01	0.37	2.27534E-7
6_30363136_G_T	-1.675e-01	0.09	2.30362E-7
6_30867527_G_A	-1.653e-01	0.09	2.33536E-7
10_104667406_C_T	-1.081e-01	0.42	2.36911E-7
8_89677161_A_G	1.411e-01	0.18	2.40023E-7
6_27774824_G_A	-1.719e-01	0.08	2.41439E-7
6_28390843_C_T	-1.172e-01	0.28	2.42321E-7
6_31353329_G_A	-1.628e-01	0.09	2.44427E-7
6_30763291_G_A	-1.609e-01	0.09	2.47246E-7
10_104693917_G_A	-1.081e-01	0.42	2.49278E-7
6_30352647_G_A	-1.677e-01	0.09	2.50207E-7
6_30353739_C_A	-1.677e-01	0.09	2.51166E-7
7_2230225_A_G	-1.104e-01	0.37	2.52898E-7
6_29372323_A_G	-1.779e-01	0.08	2.52942E-7
11_125323965_C_T	1.065e-01	0.49	2.56575E-7
6_28671343_G_C	1.824e-01	0.92	2.58502E-7
6_29342775_G_A	-1.782e-01	0.08	2.58562E-7
6_28380248_A_C	-1.172e-01	0.28	2.58615E-7
10_104836047_T_C	-1.080e-01	0.42	2.59262E-7
6_30158127_G_A	-1.545e-01	0.11	2.60051E-7
11_125618813_G_A	-1.652e-01	0.12	2.61283E-7
6_27813694_T_C	-1.710e-01	0.08	2.65825E-7
6_27808192_A_G	-1.709e-01	0.08	2.707E-7
6_27835272_T_C	-1.723e-01	0.08	2.72799E-7
6_28371402_A_C	-1.169e-01	0.28	2.7316E-7
6_28375210_T_C	-1.169e-01	0.25	2.73598E-7
6_31442782_G_A	-1.526e-01	0.11	2.74137E-7
10_104755431_G_A	-1.076e-01	0.42	2.7527E-7
11_125613572_T_C	-1.648e-01	0.12	2.75566E-7
10_104637864_G_C	-1.076e-01	0.42	2.77183E-7
6_28403225_C_T	-1.166e-01	0.28	2.7781E-7
6_27810626_T_C	-1.715e-01	0.08	2.79487E-7
6_29546799_G_A	-1.688e-01	0.08	2.79987E-7
6_28399412_A_C	-1.166e-01	0.28	2.80164E-7
6_32913246_C_T	-2.003e-01	0.08	2.80171E-7
10_104925829_A_C	-1.078e-01	0.42	2.81429E-7
6_26479150_C_T	-1.675e-01	0.12	2.81582E-7
6_27910708_A_T	-1.115e-01	0.34	2.81684E-7
6_30345118_C_T	-1.665e-01	0.09	2.8878E-7
6_27837267_T_C	-1.713e-01	0.08	2.89115E-7
6_28381140_C_A	-1.166e-01	0.28	2.92804E-7
10_104638480_C_T	-1.868e-01	0.09	2.93891E-7
6_30202571_C_T	-1.527e-01	0.11	2.94163E-7
6_30342966_G_T	-1.659e-01	0.09	2.97569E-7
6_25707171_G_A	1.093e-01	0.61	3.01973E-7
6_27815494_C_A	-1.476e-01	0.14	3.02149E-7
6_30746519_G_T	-1.604e-01	0.09	3.02218E-7
6_28309569_T_G	-1.206e-01	0.27	3.03954E-7
6_25821580_C_T	-1.889e-01	0.08	3.07583E-7
8_89609651_A_G	1.411e-01	0.18	3.10655E-7
6_30346208_G_T	-1.659e-01	0.09	3.12744E-7
6_27248931_T_C	-1.231e-01	0.23	3.14305E-7
6_28210688_C_T	-1.397e-01	0.16	3.14525E-7
10_104637992_A_G	-1.069e-01	0.42	3.1566E-7
8_89721771_C_T	1.402e-01	0.18	3.19502E-7
3_62079016_G_A	-1.325e-01	0.18	3.19813E-7
10_104752960_G_A	-1.067e-01	0.42	3.25461E-7
6_31434621_A_G	-1.661e-01	0.08	3.34688E-7
6_27788942_C_T	-1.708e-01	0.08	3.42184E-7
6_28330264_A_G	-1.219e-01	0.23	3.46879E-7
6_27796935_G_T	-1.707e-01	0.08	3.48338E-7
15_40595627_G_A	-1.077e-01	0.63	3.49022E-7
8_89722274_A_G	1.398e-01	0.18	3.50086E-7
6_30358591_A_G	-1.646e-01	0.09	3.58195E-7
6_30344645_C_T	-1.653e-01	0.09	3.59838E-7
6_32605884_C_T	-1.596e-01	0.10	3.62924E-7
6_28302784_A_G	-1.201e-01	0.27	3.62994E-7
10_104836511_A_G	1.344e-01	0.17	3.63061E-7
6_26126524_A_G	1.057e-01	0.54	3.6608E-7
3_62079827_C_T	-1.318e-01	0.18	3.7344E-7
10_104871361_A_G	-1.065e-01	0.42	3.81522E-7
8_4180844_C_A	1.323e-01	0.22	3.83694E-7
6_28208535_T_C	-1.143e-01	0.31	3.84288E-7
3_62079245_T_C	-1.316e-01	0.18	3.85508E-7
8_89646080_T_C	1.386e-01	0.18	3.86495E-7
6_27783359_A_G	-1.699e-01	0.08	3.87284E-7
8_89566903_G_A	1.332e-01	0.21	3.88404E-7
6_28198456_T_C	-1.386e-01	0.16	3.94016E-7
10_104830819_A_G	-1.062e-01	0.42	3.94026E-7
10_104920232_A_G	-1.061e-01	0.42	3.9446E-7
6_31312326_T_G	-1.617e-01	0.09	3.95643E-7
10_104897254_G_T	-1.064e-01	0.42	3.96719E-7
6_25836927_C_G	-1.875e-01	0.08	4.00306E-7
10_104848123_G_A	-1.064e-01	0.42	4.00779E-7
10_104950197_C_T	-1.064e-01	0.42	4.01918E-7
6_32628428_C_A	-1.597e-01	0.08	4.04159E-7
6_30358957_C_T	-1.640e-01	0.09	4.05246E-7
6_26133616_A_G	1.080e-01	0.65	4.13857E-7
6_32623223_A_C	-1.594e-01	0.08	4.14233E-7
8_89573045_A_G	1.349e-01	0.21	4.2052E-7
6_29376385_C_G	-1.732e-01	0.08	4.27949E-7
8_89713000_G_A	1.383e-01	0.18	4.35322E-7
8_89570460_G_A	1.333e-01	0.21	4.3785E-7
6_30347720_A_G	-1.634e-01	0.09	4.38742E-7
6_27782031_T_G	-1.692e-01	0.08	4.3922E-7
10_104814162_T_C	-1.058e-01	0.42	4.4398E-7
10_104812897_A_G	-1.058e-01	0.42	4.46367E-7
6_26426856_G_A	-1.668e-01	0.11	4.55618E-7
6_27775674_A_G	-1.688e-01	0.09	4.55658E-7
10_104849468_G_A	-1.058e-01	0.42	4.5648E-7
6_29548089_G_A	-1.652e-01	0.08	4.74099E-7
6_26377573_T_A	-1.662e-01	0.11	4.75563E-7
6_26463660_G_A	-1.785e-01	0.09	4.7653E-7
6_31172151_T_C	-1.655e-01	0.08	4.78383E-7
6_32657436_T_C	-1.586e-01	0.10	4.8213E-7
6_26116996_T_C	1.044e-01	0.54	4.82895E-7
6_26104057_T_C	1.040e-01	0.54	4.87945E-7
10_104839152_T_C	-1.054e-01	0.42	4.9113E-7
6_31918860_A_G	-1.687e-01	0.07	4.99871E-7
6_28243042_G_A	-1.099e-01	0.31	5.04061E-7
10_104811699_C_T	-1.052e-01	0.42	5.07311E-7
6_26124430_C_T	1.044e-01	0.54	5.10361E-7
14_35823231_C_T	-1.043e-01	0.44	5.10597E-7
6_26118893_A_G	1.045e-01	0.54	5.1489E-7
6_28240798_A_G	-1.104e-01	0.31	5.19763E-7
6_25770239_A_G	1.143e-01	0.70	5.21401E-7
6_26467182_T_C	-1.328e-01	0.18	5.2308E-7
6_26128766_G_A	1.044e-01	0.54	5.2459E-7
6_26127184_C_T	1.039e-01	0.54	5.42038E-7
6_26477779_G_A	-1.323e-01	0.18	5.45539E-7
6_31807540_A_G	-1.684e-01	0.08	5.48309E-7
6_32059867_A_G	-1.673e-01	0.08	5.48961E-7
6_31094703_C_T	-1.571e-01	0.09	5.50634E-7
6_32290208_C_T	-1.671e-01	0.08	5.52805E-7
8_89548722_C_T	1.338e-01	0.20	5.53534E-7
7_2139990_G_A	-1.063e-01	0.38	5.54215E-7
18_53067184_G_A	2.883e-01	0.02	5.5784E-7
6_28250236_C_T	-1.096e-01	0.31	5.58583E-7
8_89542166_C_T	1.341e-01	0.20	5.60925E-7
6_28209102_G_A	-1.365e-01	0.16	5.66695E-7
6_26119459_G_A	1.037e-01	0.54	5.68028E-7
3_62070296_A_C	-1.390e-01	0.15	5.69996E-7
1_98502934_G_T	1.325e-01	0.78	5.71762E-7
7_2232671_T_C	-1.071e-01	0.37	5.7262E-7
6_26128446_C_T	1.055e-01	0.64	5.7723E-7
10_104953547_T_C	-1.048e-01	0.42	5.77523E-7
6_30207495_C_A	-1.448e-01	0.12	5.7773E-7
1_98552832_A_T	1.289e-01	0.77	5.86194E-7
6_26102708_G_A	1.033e-01	0.54	5.863E-7
8_89566464_C_G	1.315e-01	0.21	5.88207E-7
6_28011652_T_C	-1.575e-01	0.09	5.94596E-7
6_31878433_G_A	-1.674e-01	0.07	5.97287E-7
1_98508258_C_T	1.322e-01	0.78	6.01062E-7
6_26091336_T_C	-1.096e-01	0.37	6.06019E-7
6_32064726_T_C	-1.670e-01	0.08	6.09042E-7
6_28502794_C_A	-1.216e-01	0.23	6.14258E-7
7_1947958_A_G	-1.044e-01	0.42	6.14974E-7
6_31448976_C_A	-1.581e-01	0.09	6.18675E-7
6_31129310_C_T	-1.574e-01	0.09	6.20832E-7
10_104661484_T_C	-1.115e-01	0.31	6.23464E-7
8_89568393_T_G	1.312e-01	0.21	6.2381E-7
6_26309908_G_A	-1.950e-01	0.07	6.27042E-7
18_53063719_G_A	2.892e-01	0.02	6.30377E-7
6_31940897_A_G	-1.676e-01	0.07	6.43829E-7
7_2149967_A_G	-1.038e-01	0.43	6.47941E-7
9_4743341_A_G	-1.496e-01	0.14	6.5734E-7
6_28400538_T_C	-1.378e-01	0.17	6.71951E-7
6_26123629_T_C	1.031e-01	0.54	6.77516E-7
2_181016133_A_G	1.099e-01	0.35	6.79537E-7
6_31892484_A_C	-1.665e-01	0.07	6.89897E-7
6_26373740_G_T	-1.642e-01	0.11	6.93397E-7
8_89558684_T_C	1.307e-01	0.21	7.00594E-7
7_1954732_G_A	-1.038e-01	0.42	7.00951E-7
8_89615855_G_A	1.367e-01	0.18	7.01936E-7
7_1920826_C_T	-1.034e-01	0.41	7.08057E-7
6_30231224_G_A	-1.423e-01	0.13	7.13309E-7
6_32230256_T_G	-1.661e-01	0.08	7.15965E-7
6_26113340_T_C	1.024e-01	0.54	7.18059E-7
6_30232009_T_G	-1.423e-01	0.13	7.20551E-7
11_125326615_A_G	-1.625e-01	0.12	7.30431E-7
6_26097384_T_C	-1.043e-01	0.36	7.30587E-7
6_30231666_T_C	-1.421e-01	0.13	7.42431E-7
6_30231768_G_A	-1.421e-01	0.13	7.4288E-7
6_32284108_T_G	-1.653e-01	0.08	7.43675E-7
9_4743626_G_A	1.481e-01	0.85	7.45918E-7
1_98512127_G_T	1.316e-01	0.78	7.48355E-7
6_26377546_A_G	-1.630e-01	0.11	7.54243E-7
6_26121153_C_T	1.022e-01	0.54	7.55829E-7
6_30231273_A_G	-1.420e-01	0.13	7.58557E-7
6_27750858_C_T	-1.200e-01	0.24	7.60261E-7
6_26114702_C_T	1.022e-01	0.54	7.63542E-7
6_26113398_T_A	1.022e-01	0.54	7.71745E-7
12_2170433_C_A	-1.453e-01	0.24	7.77062E-7
6_26372786_A_G	-1.634e-01	0.11	7.80257E-7
7_1951236_C_T	-1.035e-01	0.42	7.80868E-7
6_32261252_T_G	-1.651e-01	0.08	7.83699E-7
14_35821692_A_C	-1.025e-01	0.44	7.91281E-7
6_27739254_T_C	-1.200e-01	0.24	7.9131E-7
6_27998258_G_A	-1.568e-01	0.09	7.95676E-7
10_104662458_T_C	-1.104e-01	0.31	7.96669E-7
9_4743477_A_C	-1.479e-01	0.14	7.98828E-7
6_31451836_T_C	-1.578e-01	0.09	8.00488E-7
14_35809414_G_A	-1.034e-01	0.45	8.13989E-7
6_30234657_A_G	-1.417e-01	0.12	8.21469E-7
7_1954301_G_A	-1.046e-01	0.39	8.24347E-7
6_31799076_T_G	-1.659e-01	0.08	8.26169E-7
6_27289776_T_C	-1.120e-01	0.32	8.27625E-7
10_128307192_T_C	-1.106e-01	0.36	8.27778E-7
6_28316478_C_T	-1.161e-01	0.27	8.33724E-7
6_30698541_A_G	-1.347e-01	0.14	8.38629E-7
6_30231330_T_C	-1.414e-01	0.13	8.45695E-7
6_26122502_A_G	1.018e-01	0.53	8.64406E-7
11_125594258_T_C	-1.861e-01	0.10	8.66716E-7
6_26108282_C_G,A	1.016e-01	0.54	8.75603E-7
6_30232436_G_A	-1.412e-01	0.13	8.7711E-7
6_27690905_A_G	-1.184e-01	0.24	8.84851E-7
6_28300336_A_G	-1.331e-01	0.16	8.89043E-7
12_2349584_G_C	1.070e-01	0.32	8.92258E-7
6_27229265_G_A	-1.605e-01	0.10	8.95776E-7
6_30226123_C_T	-1.411e-01	0.13	9.11468E-7
6_25874423_G_A	-1.977e-01	0.06	9.12504E-7
6_26362705_C_T	-1.612e-01	0.11	9.16815E-7
7_1976556_G_A	-1.090e-01	0.38	9.18951E-7
6_30232785_C_A	-1.410e-01	0.13	9.20867E-7
6_30233558_C_A	-1.410e-01	0.13	9.22364E-7
6_28301143_T_C	-1.164e-01	0.26	9.32292E-7
6_30232672_C_T	-1.409e-01	0.13	9.43899E-7
15_40596844_C_T	-1.031e-01	0.63	9.49964E-7
6_30232250_A_G	-1.401e-01	0.13	9.67364E-7
6_27895213_A_G	-1.059e-01	0.34	9.70731E-7
6_30306306_A_G	-1.418e-01	0.13	9.744E-7
6_26375159_A_G	-1.610e-01	0.11	9.76443E-7
6_30234152_C_T	-1.404e-01	0.13	9.88336E-7
6_30234721_G_A	-1.401e-01	0.13	9.90098E-7
6_32430975_C_A	-1.132e-01	0.26	9.90145E-7
6_27185664_T_C	-1.605e-01	0.10	1.00035E-6
6_25769024_T_C	1.786e-01	0.91	1.00139E-6
18_52752017_G_A	-1.027e-01	0.39	1.00311E-6
6_30764907_G_A	-1.411e-01	0.13	1.01169E-6
6_31465047_G_T	-1.591e-01	0.08	1.01652E-6
6_29310681_T_C	1.216e-01	0.81	1.01956E-6
8_89555353_C_T	1.287e-01	0.21	1.02324E-6
6_26094367_G_A	-1.011e-01	0.46	1.02581E-6
18_53058238_C_T	2.826e-01	0.02	1.04478E-6
6_26364930_T_C	-1.602e-01	0.11	1.05661E-6
2_236795343_A_C	1.030e-01	0.37	1.06572E-6
8_4177791_G_A	1.397e-01	0.20	1.07219E-6
6_29301222_A_G	1.215e-01	0.80	1.0735E-6
18_52750688_T_G	-1.025e-01	0.39	1.08041E-6
7_1948359_C_T	-1.036e-01	0.39	1.09926E-6
11_98125404_A_G	1.045e-01	0.40	1.10374E-6
18_53065892_A_G	2.836e-01	0.02	1.10901E-6
18_52750469_A_G	-1.022e-01	0.39	1.12089E-6
7_2285178_C_T	-1.141e-01	0.36	1.14743E-6
6_26373678_G_A	-1.602e-01	0.11	1.14919E-6
1_98526167_T_C	1.272e-01	0.77	1.17442E-6
12_2345295_G_A	1.058e-01	0.32	1.17497E-6
18_53066328_A_C	2.816e-01	0.02	1.18172E-6
6_30232953_G_A	-1.393e-01	0.13	1.18538E-6
6_26362643_T_C	-1.595e-01	0.11	1.18968E-6
7_2120758_G_A	-1.043e-01	0.38	1.19097E-6
6_30234700_T_C	-1.394e-01	0.12	1.2005E-6
6_26367833_A_G	-1.606e-01	0.11	1.21404E-6
6_32096001_C_A	-1.628e-01	0.08	1.24417E-6
6_28348158_T_G	1.034e-01	0.63	1.26881E-6
3_180551214_C_T	1.206e-01	0.76	1.27238E-6
11_98113179_C_G	1.020e-01	0.40	1.2751E-6
7_2158390_A_G	-1.031e-01	0.39	1.29008E-6
6_32343369_T_C	-1.433e-01	0.12	1.29191E-6
8_4225233_C_T	1.036e-01	0.42	1.29348E-6
6_27719375_G_T	-1.159e-01	0.24	1.29356E-6
6_26354780_A_C	-1.587e-01	0.11	1.31199E-6
6_28002388_G_A	-1.539e-01	0.09	1.32078E-6
3_180533251_C_A	1.208e-01	0.76	1.32676E-6
11_98112493_A_C	1.019e-01	0.32	1.33335E-6
7_1950784_T_C	-1.027e-01	0.39	1.34803E-6
6_26367689_T_C	-1.596e-01	0.11	1.35176E-6
6_30763562_C_T	-1.404e-01	0.12	1.36587E-6
11_98123504_T_C	1.019e-01	0.40	1.3726E-6
1_98528452_C_T	1.259e-01	0.77	1.37658E-6
6_31058340_C_A	-1.526e-01	0.08	1.37672E-6
6_25764192_A_G	1.761e-01	0.91	1.38294E-6
10_104624475_T_G	-1.039e-01	0.38	1.39595E-6
18_52747871_C_T	-1.011e-01	0.39	1.41689E-6
10_104959852_C_A	-1.020e-01	0.42	1.4176E-6
1_98443509_C_T	-1.205e-01	0.23	1.42088E-6
1_98528211_A_C	1.261e-01	0.78	1.43289E-6
10_104844872_T_C	-1.005e-01	0.45	1.44349E-6
11_98104605_T_C	1.015e-01	0.40	1.44363E-6
12_2346393_C_T	1.049e-01	0.32	1.4485E-6
6_43168117_A_G	-1.422e-01	0.15	1.45862E-6
1_98431639_G_A	-1.201e-01	0.23	1.49662E-6
2_236796548_C_T	1.016e-01	0.37	1.51521E-6
7_2294123_C_T	-1.134e-01	0.34	1.51854E-6
6_29477821_G_T	-1.308e-01	0.15	1.52098E-6
6_27967089_T_C	-1.530e-01	0.09	1.52415E-6
6_26361011_G_A	-1.584e-01	0.11	1.52437E-6
6_27726731_C_T	-1.152e-01	0.24	1.53035E-6
8_89499611_A_G	-1.246e-01	0.78	1.53394E-6
6_27091425_C_A	-1.324e-01	0.15	1.54105E-6
6_27185792_T_A	-1.241e-01	0.18	1.56912E-6
6_26354247_G_A	-1.576e-01	0.11	1.60461E-6
6_26369549_C_T	-1.584e-01	0.11	1.60498E-6
7_2163237_A_G	-1.006e-01	0.41	1.61467E-6
6_25844710_G_T	-1.150e-01	0.25	1.6337E-6
6_28349264_C_T	-1.025e-01	0.37	1.65765E-6
6_26366836_A_C	-1.583e-01	0.11	1.66497E-6
6_25849779_A_C	-1.148e-01	0.26	1.66906E-6
6_27231150_A_G	-1.240e-01	0.19	1.6946E-6
6_27730463_A_G	-1.167e-01	0.24	1.70624E-6
8_89516441_T_G	1.234e-01	0.22	1.73487E-6
7_2301578_T_G	-1.127e-01	0.36	1.73977E-6
1_98441888_T_C	-1.201e-01	0.23	1.74734E-6
1_98436232_T_G	-1.194e-01	0.23	1.75629E-6
1_98524960_A_G	1.244e-01	0.78	1.77502E-6
6_28411303_A_G	-1.020e-01	0.37	1.784E-6
6_27047256_G_A	-1.314e-01	0.15	1.79685E-6
1_98547502_A_G	1.235e-01	0.77	1.80289E-6
6_32345689_T_G	-1.588e-01	0.08	1.8101E-6
10_104850632_G_A	-9.949e-02	0.45	1.81616E-6
6_30103360_G_A	-1.489e-01	0.10	1.81648E-6
11_125294614_C_A	-1.081e-01	0.32	1.83862E-6
7_2184902_C_T	-1.039e-01	0.36	1.85971E-6
10_104624072_G_A	-1.025e-01	0.38	1.86908E-6
6_26474044_C_T	-1.291e-01	0.17	1.86953E-6
10_104618695_A_G	-1.035e-01	0.35	1.88053E-6
12_2368674_C_T	1.039e-01	0.33	1.89028E-6
11_17160148_A_G	9.949e-02	0.47	1.90475E-6
6_27143883_T_C	-1.312e-01	0.15	1.91677E-6
7_2172455_G_A	-1.037e-01	0.36	1.92256E-6
6_25859554_T_C	-1.141e-01	0.25	1.92789E-6
6_26481642_T_G	-1.298e-01	0.17	1.94131E-6
6_31727897_C_T	-1.585e-01	0.08	1.95546E-6
6_26469875_A_C	-1.293e-01	0.17	1.96473E-6
18_52821124_A_G	9.839e-02	0.49	1.96479E-6
6_26055368_G_A	-1.675e-01	0.09	1.97631E-6
6_31705864_C_T	-1.588e-01	0.08	1.97657E-6
7_2275993_G_A	-1.071e-01	0.34	1.99357E-6
6_26478927_G_A	-1.294e-01	0.17	1.99396E-6
7_2184060_T_C	-1.036e-01	0.36	1.99907E-6
12_2387099_C_T	1.034e-01	0.33	2.01654E-6
18_53049212_G_A	2.730e-01	0.03	2.04283E-6
6_26469866_G_A	-1.291e-01	0.17	2.05155E-6
6_26468660_G_A	-1.290e-01	0.17	2.06851E-6
6_27714575_G_T	-1.140e-01	0.24	2.0821E-6
6_26495099_C_T	-1.295e-01	0.17	2.08221E-6
6_28323938_T_C	-1.013e-01	0.36	2.09477E-6
7_2278226_C_T	-1.065e-01	0.34	2.10037E-6
6_31726253_T_C	-1.581e-01	0.08	2.10924E-6
6_30230661_T_C	-1.007e-01	0.35	2.12879E-6
6_43172430_G_A	-1.645e-01	0.08	2.14645E-6
6_31725230_G_A	-1.578e-01	0.08	2.16793E-6
6_31727474_A_G	-1.577e-01	0.08	2.2298E-6
6_31725285_A_G	-1.576e-01	0.08	2.24406E-6
6_26472114_A_G	-1.281e-01	0.17	2.24888E-6
3_52855229_T_C	-1.107e-01	0.30	2.25023E-6
6_25782314_T_G	1.590e-01	0.90	2.25503E-6
6_25801971_C_T	-1.123e-01	0.26	2.34862E-6
6_32429894_C_A	-1.200e-01	0.22	2.40362E-6
3_62073316_C_A	-1.177e-01	0.21	2.41685E-6
6_31715882_T_C	-1.568e-01	0.08	2.45279E-6
6_28391465_A_G	-1.000e-01	0.37	2.45311E-6
6_31712196_G_A	-1.569e-01	0.08	2.46405E-6
6_25863605_C_T	-1.129e-01	0.25	2.4668E-6
6_31721033_G_A	-1.563e-01	0.08	2.51744E-6
6_30234668_T_A	-9.982e-02	0.35	2.5346E-6
2_233736244_C_T	1.045e-01	0.33	2.5747E-6
6_28415572_A_G	-1.042e-01	0.30	2.60003E-6
6_31729359_A_G	-1.072e-01	0.33	2.61486E-6
6_32408842_A_G	-1.261e-01	0.15	2.62552E-6
6_26072445_T_C	-1.648e-01	0.09	2.64265E-6
10_34150821_G_A	2.194e-01	0.07	2.65939E-6
1_98417967_C_A	1.175e-01	0.77	2.66294E-6
6_27839746_T_C	-1.335e-01	0.14	2.71865E-6
6_30228721_G_A	-9.971e-02	0.35	2.72921E-6
6_32930795_T_C	-1.701e-01	0.09	2.76343E-6
6_27715243_A_C	-1.128e-01	0.24	2.78209E-6
3_62064517_G_T	-1.162e-01	0.21	2.82027E-6
6_28411244_G_A	-1.038e-01	0.30	2.82108E-6
6_30763893_T_C	-1.325e-01	0.13	2.82185E-6
6_25864898_C_A	-1.122e-01	0.25	2.87271E-6
10_104628873_A_G	-1.017e-01	0.35	2.87668E-6
3_62076076_G_A	-1.168e-01	0.21	2.90042E-6
6_28543264_C_T	-1.205e-01	0.18	2.90831E-6
6_32411307_C_T	-1.261e-01	0.15	2.95366E-6
6_25863481_G_A	-1.150e-01	0.23	2.99561E-6
6_27813813_G_T	-1.171e-01	0.21	3.04836E-6
8_9237708_A_G	-1.001e-01	0.60	3.05873E-6
11_125308076_G_C	-1.050e-01	0.33	3.07379E-6
5_171984913_A_C	-1.178e-01	0.21	3.09091E-6
2_193984621_A_G	-2.003e-01	0.09	3.09165E-6
8_89760929_C_T	1.180e-01	0.26	3.13676E-6
6_25820428_T_C	-1.104e-01	0.26	3.14315E-6
7_2272936_A_G	-1.040e-01	0.34	3.17574E-6
6_31105413_A_G	-9.912e-02	0.42	3.1847E-6
2_236822569_C_G	9.860e-02	0.37	3.18961E-6
6_29230683_T_C	9.982e-02	0.66	3.20195E-6
3_52864135_T_C	-1.148e-01	0.26	3.21402E-6
6_30236754_T_C	-9.867e-02	0.35	3.22767E-6
1_243608967_A_G	9.750e-02	0.56	3.25669E-6
8_4228083_G_T	9.758e-02	0.61	3.3141E-6
6_32565331_A_C	-1.155e-01	0.20	3.33618E-6
6_30122623_T_C	-1.326e-01	0.13	3.34648E-6
6_27982152_G_A	-9.971e-02	0.35	3.35164E-6
3_52860936_C_T	-1.145e-01	0.26	3.40905E-6
6_25780811_A_G	1.563e-01	0.90	3.41912E-6
15_40595565_C_T	1.041e-01	0.31	3.46401E-6
6_32411376_T_G	-1.250e-01	0.15	3.61063E-6
3_52852538_G_T	-1.086e-01	0.30	3.64782E-6
6_29125402_G_A	9.586e-02	0.57	3.69273E-6
1_243449881_G_A	9.649e-02	0.54	3.80599E-6
18_53135749_C_T	2.653e-01	0.03	3.82318E-6
2_236823155_G_A	9.704e-02	0.37	3.84417E-6
8_89390946_A_G	1.160e-01	0.23	3.86091E-6
12_2408194_A_G	-1.010e-01	0.65	3.86836E-6
6_27804934_T_C	-1.255e-01	0.17	3.91451E-6
12_2344960_A_G	9.739e-02	0.37	3.91454E-6
6_25419094_T_C	1.925e-01	0.94	3.91807E-6
7_1968953_T_C	-1.071e-01	0.37	3.93115E-6
15_40598294_C_T	1.031e-01	0.31	3.95753E-6
3_62081262_G_A	-1.151e-01	0.21	3.97814E-6
15_61840103_C_T	9.649e-02	0.57	4.00514E-6
6_32412592_G_A	-1.237e-01	0.15	4.02949E-6
2_57987593_T_C	9.794e-02	0.44	4.0666E-6
21_33933263_T_C	-1.258e-01	0.19	4.08387E-6
12_2402246_A_G	-1.006e-01	0.66	4.08955E-6
6_32395726_A_G	-1.544e-01	0.08	4.10249E-6
1_243446994_T_C	9.596e-02	0.54	4.14318E-6
6_29225795_T_C	9.861e-02	0.66	4.16872E-6
7_134696880_C_A	-1.350e-01	0.14	4.17951E-6
6_27985096_T_C	-9.885e-02	0.35	4.18105E-6
11_125304009_A_G	-1.038e-01	0.33	4.18426E-6
6_32590925_G_A	-1.128e-01	0.20	4.20213E-6
21_33928821_T_C	-1.243e-01	0.19	4.21434E-6
6_31688217_A_G	-9.966e-02	0.37	4.25419E-6
7_2188249_C_T	-1.109e-01	0.33	4.33656E-6
15_61834227_C_T	9.704e-02	0.56	4.34266E-6
6_29129983_G_A	9.522e-02	0.58	4.34989E-6
3_62071090_T_C	-1.143e-01	0.21	4.37692E-6
6_31710020_C_T	-9.993e-02	0.37	4.39782E-6
6_27746590_A_T	-1.137e-01	0.22	4.41981E-6
9_4742498_G_T	-1.468e-01	0.13	4.42333E-6
10_62346638_C_T	1.185e-01	0.19	4.43532E-6
6_31698088_T_G	-9.957e-02	0.37	4.4368E-6
6_32168771_G_T	-1.400e-01	0.11	4.43809E-6
3_52868445_G_A	-1.131e-01	0.26	4.43945E-6
6_28417222_A_G	-9.821e-02	0.35	4.53851E-6
12_2355806_C_T	9.722e-02	0.38	4.63241E-6
6_30471520_A_G	1.136e-01	0.26	4.67281E-6
6_31636742_A_G	-1.534e-01	0.07	4.68651E-6
6_32687570_G_A	-1.156e-01	0.19	4.70789E-6
6_31697558_G_A	-9.927e-02	0.37	4.74252E-6
6_29139786_C_T	9.476e-02	0.58	4.79494E-6
7_2261468_G_A	-1.020e-01	0.33	4.81695E-6
6_27730064_T_C	-1.123e-01	0.22	4.82478E-6
6_29199824_G_T	9.803e-02	0.66	4.86094E-6
8_89383727_G_A	1.149e-01	0.23	4.86502E-6
6_25826119_C_T	-1.097e-01	0.25	4.89039E-6
1_8422676_T_C	-9.885e-02	0.67	4.89957E-6
10_62334468_G_T	1.196e-01	0.18	4.93434E-6
21_33937888_C_A	-1.249e-01	0.19	4.94171E-6
1_243454014_G_A	9.486e-02	0.55	4.95625E-6
8_89397267_A_G	-1.147e-01	0.77	4.96203E-6
6_32698918_A_G	-1.148e-01	0.20	4.96435E-6
8_89397431_T_C	-1.146e-01	0.77	5.01242E-6
6_29144127_T_C	9.497e-02	0.57	5.01617E-6
21_33940458_A_G	-1.241e-01	0.19	5.0169E-6
6_27683572_A_G	-1.103e-01	0.23	5.02977E-6
15_88468931_T_C	1.287e-01	0.14	5.14413E-6
6_32783086_A_G	-1.185e-01	0.19	5.15383E-6
7_71751316_A_G	-9.367e-02	0.55	5.1597E-6
8_89352411_G_A	1.144e-01	0.23	5.17569E-6
2_233743363_C_T	1.017e-01	0.33	5.17999E-6
6_32560859_A_C	1.024e-01	0.29	5.27514E-6
15_40598941_C_T	1.018e-01	0.31	5.28188E-6
2_233759695_G_C	1.023e-01	0.33	5.30692E-6
21_33929895_T_C	-1.243e-01	0.19	5.30774E-6
6_25425526_A_G	1.896e-01	0.94	5.35172E-6
6_32686196_C_A	-1.150e-01	0.19	5.35596E-6
10_62320330_G_A	1.198e-01	0.18	5.36483E-6
8_143309504_C_A	9.385e-02	0.48	5.42407E-6
7_71741797_C_T	-9.354e-02	0.55	5.452E-6
15_61862802_G_A	9.395e-02	0.55	5.62953E-6
7_2316852_C_T	-1.054e-01	0.38	5.69084E-6
11_29202440_G_A	1.474e-01	0.09	5.72471E-6
3_181205593_C_A	-1.487e-01	0.13	5.73524E-6
18_53141537_T_A	2.578e-01	0.03	5.73612E-6
6_32713867_C_T	-1.196e-01	0.17	5.75571E-6
8_8635515_T_C	-1.416e-01	0.15	5.78097E-6
6_27688369_G_A	-1.095e-01	0.23	5.83238E-6
1_30431560_G_A	-1.015e-01	0.70	5.83903E-6
6_29142476_C_A	9.385e-02	0.58	5.85303E-6
6_27688667_A_G	-1.094e-01	0.23	5.85624E-6
7_2310974_C_T	-1.051e-01	0.37	5.86902E-6
7_2314652_G_A	-1.057e-01	0.37	5.90228E-6
6_27732976_C_T	-1.123e-01	0.22	5.92249E-6
1_98394864_A_G	1.135e-01	0.77	5.95415E-6
6_43184132_A_C	-1.226e-01	0.18	5.97993E-6
6_32590953_T_C	9.387e-02	0.50	6.00145E-6
15_88479504_T_C	1.374e-01	0.12	6.00476E-6
6_32443451_G_A	9.495e-02	0.45	6.0142E-6
3_52833219_G_A	-1.009e-01	0.38	6.01657E-6
6_31626013_C_T	-1.512e-01	0.07	6.01939E-6
6_32410691_G_A	-1.216e-01	0.15	6.0556E-6
8_4213293_A_G	-1.074e-01	0.71	6.12173E-6
7_2175855_C_A	-9.640e-02	0.40	6.21265E-6
3_36862980_C_T	9.704e-02	0.36	6.25904E-6
1_30432219_T_C	-1.014e-01	0.70	6.27446E-6
3_52870132_G_A	-1.112e-01	0.26	6.3695E-6
1_8423510_A_G	-9.740e-02	0.67	6.40231E-6
8_89345187_T_A	1.124e-01	0.23	6.46334E-6
11_130830748_C_A	-9.333e-02	0.51	6.49692E-6
22_34271782_A_G	-1.069e-01	0.44	6.58786E-6
2_233745521_C_T	1.017e-01	0.33	6.60468E-6
6_26376832_T_C	-1.026e-01	0.28	6.63519E-6
8_89348420_A_G	1.131e-01	0.23	6.75202E-6
6_28546952_G_A	-1.115e-01	0.19	6.77438E-6
3_180566221_G_T	9.831e-02	0.67	6.78789E-6
7_71770703_C_T	-9.266e-02	0.56	6.80259E-6
11_125353489_C_T	1.031e-01	0.71	6.81077E-6
8_9237403_G_T	-9.596e-02	0.58	6.86644E-6
6_26022244_A_G	-1.525e-01	0.10	6.91819E-6
1_243458922_A_G	9.365e-02	0.54	6.91909E-6
11_125352935_T_C	1.033e-01	0.71	6.93071E-6
21_33975279_T_C	-1.216e-01	0.20	7.02542E-6
2_27706640_T_C	9.750e-02	0.41	7.05264E-6
7_134696740_A_C	-1.321e-01	0.14	7.06855E-6
15_61863133_G_A	9.395e-02	0.62	7.0818E-6
1_8495590_A_G	9.816e-02	0.33	7.10921E-6
6_32692933_G_A	-1.132e-01	0.19	7.13838E-6
1_98316285_T_G	1.104e-01	0.77	7.14601E-6
6_31434111_A_G	-1.250e-01	0.14	7.16339E-6
1_243462367_G_A	9.349e-02	0.54	7.1815E-6
6_43169887_A_G	-1.564e-01	0.08	7.21899E-6
5_152797487_G_A	-1.281e-01	0.18	7.23491E-6
15_61887768_C_T	9.395e-02	0.56	7.26742E-6
1_8495945_T_C	9.805e-02	0.33	7.26969E-6
15_61861402_G_A	9.294e-02	0.55	7.34343E-6
6_32590590_T_G	1.007e-01	0.31	7.35224E-6
6_32205942_C_T	-1.315e-01	0.13	7.36085E-6
6_27739380_A_G	-1.112e-01	0.22	7.37704E-6
6_31505480_A_G	-1.464e-01	0.08	7.42785E-6
6_26510748_C_T	-1.447e-01	0.12	7.43289E-6
7_71769593_A_T	-9.231e-02	0.56	7.48204E-6
15_88571534_A_G	1.055e-01	0.25	7.49055E-6
6_29136110_T_C	9.333e-02	0.59	7.50646E-6
6_32449411_T_C	9.387e-02	0.43	7.51608E-6
6_32686103_C_A	-1.133e-01	0.19	7.56495E-6
6_43185733_A_G	-1.202e-01	0.18	7.62705E-6
11_130817579_T_A	-9.486e-02	0.49	7.72594E-6
15_88462499_T_C	1.268e-01	0.13	7.77561E-6
10_62278812_G_A	1.199e-01	0.20	7.78301E-6
11_29166202_A_G	1.331e-01	0.12	7.84505E-6
1_8473336_G_A	9.840e-02	0.32	7.85108E-6
8_4226976_C_G	9.552e-02	0.63	7.96502E-6
1_8490320_T_G	9.772e-02	0.33	7.97136E-6
6_32429758_T_C	9.894e-02	0.32	7.97264E-6
5_152797656_C_G	-1.279e-01	0.18	7.98038E-6
6_28266149_T_C	-9.558e-02	0.37	7.99443E-6
6_32570400_T_C	9.949e-02	0.24	8.00947E-6
10_128298104_C_T	-1.037e-01	0.31	8.03501E-6
6_27987776_A_G	-9.558e-02	0.35	8.04448E-6
1_8488565_A_G	9.805e-02	0.33	8.07705E-6
2_233750627_C_G	9.960e-02	0.33	8.11134E-6
14_35830114_G_T	-9.453e-02	0.44	8.14074E-6
18_51403368_C_T	-1.016e-01	0.31	8.16318E-6
6_32758394_G_A	-1.218e-01	0.16	8.21147E-6
6_31620520_T_G	-1.492e-01	0.07	8.37002E-6
7_134695998_A_G	-1.312e-01	0.14	8.37719E-6
22_41461865_T_G	-9.385e-02	0.46	8.38681E-6
11_125306283_G_A	-1.495e-01	0.11	8.43373E-6
6_32429643_T_C	9.861e-02	0.32	8.57143E-6
10_62345073_T_C	1.150e-01	0.19	8.57755E-6
2_233757679_G_A	9.966e-02	0.33	8.58583E-6
11_98080379_T_C	9.288e-02	0.43	8.66461E-6
7_134681306_T_C	-1.299e-01	0.15	8.67752E-6
1_243617188_T_G	-1.306e-01	0.17	8.72948E-6
6_31430721_A_G	-1.168e-01	0.17	8.76813E-6
6_26365346_G_C	-9.475e-02	0.39	8.8069E-6
3_181166485_T_C	-1.330e-01	0.16	8.85875E-6
6_32609181_C_T	9.985e-02	0.24	8.98722E-6
6_32691745_C_T	-1.120e-01	0.19	9.03502E-6
6_27150599_A_G	-1.148e-01	0.17	9.05461E-6
6_32415080_G_A	-1.122e-01	0.17	9.21036E-6
3_181101544_T_C	-1.302e-01	0.16	9.25223E-6
8_4227483_C_T	9.413e-02	0.63	9.332E-6
6_27719764_T_C	-1.080e-01	0.22	9.42699E-6
11_29208679_C_T	1.410e-01	0.09	9.49928E-6
7_2452624_C_T	1.390e-01	0.12	9.55218E-6
21_27508721_G_A	1.895e-01	0.05	9.56008E-6
6_26367218_C_T	-9.431e-02	0.39	9.58876E-6
6_26376161_A_G	-1.025e-01	0.28	9.60006E-6
6_25772639_G_C	1.327e-01	0.87	9.65247E-6
22_19910716_A_C	1.809e-01	0.06	9.66733E-6
6_25962304_C_T	-1.656e-01	0.08	9.72472E-6
2_233744021_G_A	9.849e-02	0.33	9.74402E-6
8_64835981_T_C	9.146e-02	0.49	9.75047E-6
7_71793386_T_C	-9.167e-02	0.49	9.79449E-6
6_31429927_T_C	-1.159e-01	0.17	0.0000100073
8_4208761_T_C	1.316e-01	0.16	0.0000100148
6_26017542_T_C	-1.497e-01	0.10	0.0000100562
3_181168159_T_A	-1.317e-01	0.16	0.0000101528
15_61870943_C_T	9.176e-02	0.56	0.0000102415
1_8467353_G_A	9.676e-02	0.32	0.0000103137
6_28294550_T_C	-9.404e-02	0.37	0.0000103296
5_116495797_G_A	-9.222e-02	0.42	0.0000104243
7_71795592_C_T	-9.146e-02	0.49	0.0000105134
3_52871929_G_A	-1.085e-01	0.26	0.0000105501
6_26365147_C_T	-9.376e-02	0.39	0.0000107116
1_8469337_A_G	9.651e-02	0.32	0.0000107526
2_27703495_A_G	9.541e-02	0.41	0.0000109266
11_130819628_A_G	-9.030e-02	0.51	0.0000109934
4_102835645_C_T	9.758e-02	0.35	0.0000109975
10_130199141_C_T	1.148e-01	0.20	0.0000110527
15_61862996_A_G	9.233e-02	0.62	0.0000112054
11_130875123_A_G	-9.048e-02	0.50	0.0000112151
6_43146387_A_G	-1.529e-01	0.08	0.0000112466
7_71838207_G_A	-9.157e-02	0.48	0.0000112999
6_32358270_G_A	-1.114e-01	0.20	0.0000113368
6_43150302_G_C	-1.306e-01	0.13	0.0000113895
6_28573006_G_A	-9.739e-02	0.28	0.0000113907
8_4191202_C_T	1.121e-01	0.22	0.0000114057
6_30697447_A_G	-1.112e-01	0.16	0.0000114077
6_32165444_A_G	-1.270e-01	0.13	0.0000114671
2_58137618_C_T	9.303e-02	0.60	0.0000114712
5_28384724_A_C	-1.319e-01	0.15	0.0000114839
7_71788267_C_A	-9.157e-02	0.49	0.0000115298
21_33949423_T_C	-1.182e-01	0.20	0.0000116
6_26124303_T_C	-1.486e-01	0.10	0.0000116891
6_32569691_G_A	9.767e-02	0.31	0.0000117047
8_64718119_A_C	9.036e-02	0.49	0.0000119114
6_26537801_G_A	-1.414e-01	0.11	0.0000119156
2_58113995_T_C	9.310e-02	0.59	0.0000120683
2_58222928_T_C	9.420e-02	0.62	0.0000120987
11_98083543_G_T	9.130e-02	0.43	0.0000121045
11_29214412_C_T	1.400e-01	0.09	0.0000121064
8_4241132_C_T	9.103e-02	0.50	0.0000121143
1_30430366_T_G	-9.903e-02	0.70	0.0000121878
8_89649177_T_C	1.105e-01	0.23	0.0000121921
7_2449733_C_T	1.375e-01	0.12	0.0000122403
2_58130327_C_T	9.285e-02	0.59	0.0000122524
6_32438648_C_T	9.685e-02	0.32	0.0000123992
3_36842623_T_A	-9.288e-02	0.40	0.0000124139
1_243609927_T_C	1.105e-01	0.76	0.0000124497
10_62324528_C_T	1.145e-01	0.18	0.0000124511
11_29217383_A_G	1.423e-01	0.10	0.0000124907
6_27980220_G_A	-1.061e-01	0.20	0.0000125166
3_36856328_G_A	-9.222e-02	0.40	0.0000125373
7_2452373_G_C	1.371e-01	0.12	0.0000125417
6_28292706_T_C	-9.367e-02	0.36	0.0000126091
6_43150980_T_C	-1.302e-01	0.13	0.0000127107
1_8445360_C_T	-9.585e-02	0.68	0.0000127226
6_32438542_T_C	9.673e-02	0.33	0.0000127413
2_50268228_T_G	-1.110e-01	0.79	0.0000128567
8_64784507_T_C	8.982e-02	0.50	0.000012875
17_73246020_C_A	-1.354e-01	0.16	0.0000129919
6_29135208_T_C	9.036e-02	0.59	0.0000130092
8_4194883_C_G	-1.210e-01	0.83	0.000013047
21_33949306_T_C	-1.175e-01	0.20	0.0000132388
1_8439625_C_A	-9.552e-02	0.68	0.0000132652
6_28408258_A_G	-9.057e-02	0.44	0.0000132715
10_104897985_T_C	9.266e-02	0.35	0.0000134118
1_243615589_C_T	-1.049e-01	0.27	0.0000134252
1_8436802_C_T	-9.541e-02	0.68	0.0000134672
2_58142647_T_G	9.222e-02	0.59	0.0000135014
1_98305394_G_A	1.076e-01	0.77	0.000013585
9_83407397_A_C	9.971e-02	0.71	0.0000135995
6_28212748_G_A	-9.179e-02	0.39	0.0000136701
1_8432136_C_T	-9.552e-02	0.68	0.0000136854
2_233767037_A_G	9.982e-02	0.30	0.0000137679
11_125292490_G_A	-1.293e-01	0.15	0.0000138097
6_26355283_A_C	-9.966e-02	0.27	0.0000138129
7_2452661_T_G	1.385e-01	0.12	0.0000138396
6_27267008_C_T	-9.080e-02	0.44	0.0000138424
3_36878970_A_G	9.333e-02	0.36	0.0000138879
7_71786721_G_A	-9.014e-02	0.49	0.0000142529
8_31353463_C_T	-8.949e-02	0.48	0.0000144086
5_171982124_C_G	-1.092e-01	0.21	0.0000144394
6_29119159_T_C	8.992e-02	0.58	0.0000144441
2_233728801_C_A	9.821e-02	0.30	0.000014548
1_182744205_A_C	1.075e-01	0.30	0.0000146274
6_26355758_T_G	-9.966e-02	0.27	0.0000146438
3_181183727_A_C	-1.301e-01	0.16	0.0000147461
8_64786946_C_A	8.911e-02	0.49	0.0000147885
1_30437268_A_G	-1.096e-01	0.76	0.0000148134
5_21919536_C_T	1.842e-01	0.14	0.0000148482
11_130833994_A_G	-8.902e-02	0.51	0.0000149089
6_26030492_C_A	-1.464e-01	0.10	0.0000149112
6_32702449_A_G	-1.085e-01	0.19	0.0000149321
6_43188940_C_T	-1.275e-01	0.14	0.0000150138
10_62094738_A_G	1.071e-01	0.75	0.000015085
11_125287500_G_T	1.260e-01	0.85	0.0000151029
3_181201428_T_C	-1.291e-01	0.16	0.0000151091
8_143312933_A_C	-8.984e-02	0.56	0.0000152065
6_27090404_C_T	-1.068e-01	0.20	0.0000152442
1_98318735_C_T	1.068e-01	0.78	0.0000152546
6_32339647_T_C	-1.343e-01	0.19	0.0000153771
21_33949629_T_C	-1.164e-01	0.20	0.0000154178
6_28411220_T_G	-9.002e-02	0.44	0.0000154515
15_61870977_T_C	8.992e-02	0.56	0.0000155726
6_30693816_A_G	-1.102e-01	0.16	0.0000156266
1_243498312_T_C	9.014e-02	0.57	0.000015693
3_36871894_C_A	9.294e-02	0.36	0.0000157029
11_24599878_T_C	9.431e-02	0.64	0.000015792
2_58210239_T_C	9.201e-02	0.61	0.0000160318
3_36878086_A_G	9.266e-02	0.36	0.000016033
21_27444110_T_C	1.733e-01	0.06	0.0000161588
6_31568469_G_A	-1.169e-01	0.16	0.0000162773
3_181195182_G_A	-1.284e-01	0.16	0.0000163237
10_34120563_T_C	1.215e-01	0.15	0.0000163778
6_26942027_T_C	-1.329e-01	0.12	0.0000163801
2_48597559_G_A	8.920e-02	0.44	0.0000163829
11_29204531_G_A	1.236e-01	0.13	0.0000164667
8_64725317_G_A	8.874e-02	0.50	0.0000164828
3_181122223_G_A	-1.267e-01	0.16	0.000016516
11_57560452_A_C	9.387e-02	0.31	0.0000166368
6_28197605_C_T	-9.222e-02	0.36	0.0000167072
6_25841122_G_A	-1.377e-01	0.12	0.0000167858
3_36864160_A_G	-1.002e-01	0.27	0.0000168348
2_206171668_T_A	2.516e-01	0.05	0.0000169122
6_25889706_A_G	-1.501e-01	0.09	0.000017055
6_28219826_G_A	-9.069e-02	0.39	0.000017195
11_29190528_A_G	1.366e-01	0.09	0.0000172579
17_32970842_T_C	1.540e-01	0.19	0.0000173776
7_2457682_G_A	1.361e-01	0.12	0.000017417
8_18388041_C_T	-1.291e-01	0.85	0.0000174622
6_25986451_G_A	-1.521e-01	0.09	0.0000174867
10_62104516_G_A	1.072e-01	0.76	0.0000175158
11_98087599_C_T	8.966e-02	0.43	0.0000175825
4_102589283_G_A	-1.722e-01	0.08	0.000017607
3_36843149_G_A	9.367e-02	0.34	0.0000177194
10_34131163_C_T	1.415e-01	0.11	0.0000177772
6_31348077_G_A	-1.264e-01	0.12	0.0000178312
1_98322379_C_T	1.058e-01	0.78	0.0000178381
19_32631274_C_T	-9.927e-02	0.68	0.0000178927
11_97972559_A_G	-8.938e-02	0.57	0.0000179329
6_28187101_C_A	-9.157e-02	0.37	0.0000179575
11_57639017_G_A	9.358e-02	0.31	0.0000181445
10_6946263_T_C	1.704e-01	0.07	0.0000182427
6_32433167_G_T	9.531e-02	0.32	0.0000183216
6_28201138_A_G	-9.185e-02	0.36	0.0000184476
11_29197113_C_G	1.223e-01	0.13	0.0000184491
10_105269873_A_G	1.056e-01	0.23	0.0000185752
7_71838994_T_A	-8.959e-02	0.49	0.0000186445
6_26404374_A_G	-1.074e-01	0.22	0.0000187099
11_46342942_C_T	1.142e-01	0.18	0.0000188424
8_64717459_T_G	8.828e-02	0.49	0.0000188482
11_29197549_T_C	1.223e-01	0.14	0.000018862
3_36876154_C_T	-9.971e-02	0.27	0.0000189021
8_4224893_G_T	9.613e-02	0.32	0.0000189056
7_134670619_C_T	-1.249e-01	0.15	0.000019019
11_29171879_G_C	1.276e-01	0.12	0.0000190222
6_30688427_G_T	-1.091e-01	0.16	0.000019136
10_62106545_A_G	1.067e-01	0.76	0.0000192474
6_32392945_C_A	-1.173e-01	0.14	0.0000192845
11_57510294_A_G	-9.413e-02	0.70	0.0000193306
6_28223731_T_C	9.003e-02	0.61	0.0000193706
11_57585662_C_T	9.331e-02	0.31	0.0000193847
6_32391516_G_A	-1.173e-01	0.14	0.0000193904
11_90998967_C_T	-1.372e-01	0.86	0.0000194054
6_27965503_C_T	-1.040e-01	0.20	0.0000194323
7_51719529_T_A	8.929e-02	0.54	0.0000194628
10_62106882_T_C	1.050e-01	0.76	0.0000195417
15_88664676_C_A	1.021e-01	0.25	0.0000195637
11_24603458_A_G	-9.349e-02	0.37	0.0000195663
7_71841880_T_G	-8.957e-02	0.49	0.0000195765
3_53060637_C_T	1.130e-01	0.75	0.000019668
6_29256420_A_G	9.091e-02	0.65	0.0000197599
6_26111756_T_C	-1.432e-01	0.10	0.0000198146
1_97113731_T_C	1.123e-01	0.22	0.0000199227
6_29189155_A_G	8.862e-02	0.59	0.000020078
8_64756657_A_T	8.785e-02	0.49	0.0000200895
2_58161355_C_T	9.048e-02	0.59	0.0000201151
6_27271343_G_A	-8.926e-02	0.43	0.0000201603
14_35637904_A_T	-8.883e-02	0.45	0.0000202163
2_58158283_C_T	9.048e-02	0.59	0.0000203021
1_97113915_T_G	1.120e-01	0.22	0.0000203376
6_30953105_G_A	1.263e-01	0.18	0.0000204386
8_31360349_G_T	8.792e-02	0.52	0.0000205329
6_29185287_C_T	8.874e-02	0.60	0.0000205582
11_130839244_G_A	-8.752e-02	0.50	0.0000206165
1_97177209_A_G	1.124e-01	0.22	0.0000206425
11_130870215_G_T	-8.752e-02	0.50	0.0000207305
6_31742590_A_G	-9.440e-02	0.34	0.0000207478
5_101622517_G_A	9.158e-02	0.33	0.0000207758
11_107278817_G_C	-1.072e-01	0.22	0.0000207998
1_98299475_C_A	1.054e-01	0.77	0.0000208564
11_130850277_T_C	-8.737e-02	0.50	0.0000209728
6_29182308_G_A	8.847e-02	0.60	0.0000209839
6_25450026_C_A	1.780e-01	0.94	0.000021027
3_46649700_A_C	1.159e-01	0.22	0.0000211276
10_62106169_A_G	1.061e-01	0.76	0.0000212076
6_30692965_G_A	-1.085e-01	0.16	0.0000212135
18_49498451_G_C	9.331e-02	0.61	0.0000213712
8_89477936_T_A	1.245e-01	0.17	0.0000213964
10_62106319_C_A	1.062e-01	0.76	0.0000213977
6_29183346_G_A	8.838e-02	0.60	0.0000214682
8_8636096_G_T	-1.197e-01	0.18	0.0000214856
1_243598670_A_G	8.851e-02	0.55	0.0000214902
6_26361430_C_T	-9.783e-02	0.27	0.000021544
10_62104704_G_A	1.061e-01	0.76	0.000021746
12_2331572_A_G	9.157e-02	0.33	0.000021752
18_51392375_G_T	-1.013e-01	0.28	0.0000218121
8_64708524_A_G	8.752e-02	0.50	0.0000218174
2_27746832_A_C	9.014e-02	0.39	0.0000219126
11_57434122_C_A	9.294e-02	0.31	0.0000219559
8_4188511_T_C	-9.476e-02	0.66	0.0000220598
18_53034140_G_A	2.348e-01	0.03	0.000022145
15_88660115_T_C	1.013e-01	0.25	0.0000221705
7_2442246_A_G	1.352e-01	0.12	0.0000222289
1_98456907_C_A	-1.203e-01	0.17	0.0000222506
10_62116047_G_A	1.060e-01	0.76	0.0000222945
8_4188891_G_A	9.749e-02	0.31	0.000022327
6_32380208_A_G	-1.140e-01	0.15	0.0000223523
10_62119206_C_T	1.058e-01	0.76	0.0000223678
13_106069209_G_A	-1.610e-01	0.10	0.0000224425
1_98325947_A_G	-1.048e-01	0.21	0.0000225332
6_28542424_G_A	-8.807e-02	0.42	0.0000226096
5_101620174_T_C	1.009e-01	0.78	0.0000226195
11_29148890_G_A	1.346e-01	0.09	0.0000226514
6_28542520_C_T	-8.807e-02	0.42	0.000022655
6_28526655_A_C	-9.531e-02	0.27	0.0000226773
10_105299611_T_C	-1.273e-01	0.14	0.0000227336
7_71841811_T_C	-8.893e-02	0.49	0.000022775
11_29122702_C_T	1.265e-01	0.12	0.0000228263
11_29158495_A_T	1.262e-01	0.12	0.0000228545
10_62085337_T_C	1.036e-01	0.73	0.0000228834
11_130850377_T_G	-8.700e-02	0.50	0.000022892
15_88655520_G_C	1.022e-01	0.24	0.0000233077
6_28533946_C_T	-9.486e-02	0.27	0.0000236199
10_6927417_G_A	2.020e-01	0.05	0.0000236212
2_37283844_G_A	2.087e-01	0.05	0.0000237918
8_4185750_T_C	-9.103e-02	0.61	0.0000238579
4_102912159_C_T	9.002e-02	0.43	0.0000240291
4_102915967_T_C	9.058e-02	0.43	0.0000240397
11_29153645_T_C	1.261e-01	0.13	0.0000242255
11_130801649_A_G	-8.664e-02	0.51	0.0000242373
6_29148619_A_C	8.752e-02	0.59	0.0000242464
8_9177732_T_G	-1.396e-01	0.90	0.000024297
2_58541238_G_A	-1.895e-01	0.07	0.0000243446
6_29193785_A_G	8.774e-02	0.60	0.0000243884
6_28166923_C_T	-1.036e-01	0.21	0.0000244313
2_58161397_C_G	8.948e-02	0.59	0.0000246023
1_97178241_A_G	1.116e-01	0.23	0.0000246398
15_62762218_A_G	-1.502e-01	0.10	0.0000246493
2_58166468_T_C	8.949e-02	0.59	0.0000246763
11_29159509_A_G	1.260e-01	0.12	0.000024781
6_28568528_A_G	-9.486e-02	0.27	0.0000247821
7_2414567_G_A	1.094e-01	0.20	0.000024809
6_28522695_A_G	-8.774e-02	0.42	0.0000248263
6_28168726_C_G	-1.035e-01	0.21	0.0000248998
11_98098071_A_G	8.731e-02	0.46	0.0000250057
6_27295082_A_G	-8.838e-02	0.44	0.0000250416
22_49819671_G_A	1.334e-01	0.17	0.0000254925
6_25841408_G_A	-1.346e-01	0.12	0.0000255681
3_52874288_T_C	-1.030e-01	0.27	0.0000255698
3_181099282_C_G	-1.271e-01	0.14	0.0000255923
18_53192498_C_T	2.033e-01	0.04	0.0000256597
6_32578970_T_C	-9.821e-02	0.26	0.0000256899
10_105297770_C_G	-1.265e-01	0.14	0.0000256918
15_88658964_T_C	1.007e-01	0.25	0.0000258671
10_105299476_G_A	-1.264e-01	0.14	0.0000259442
1_98336823_T_G	9.794e-02	0.59	0.000026009
5_116492464_A_T	-8.801e-02	0.43	0.0000260754
3_36885392_T_C	9.036e-02	0.36	0.0000261737
16_26854125_T_C	-1.135e-01	0.21	0.0000261796
8_4189745_C_G	9.014e-02	0.38	0.000026208
2_58382490_G_A	-8.829e-02	0.44	0.0000262847
2_58164223_A_G	8.915e-02	0.59	0.0000264745
6_28173010_C_T	-1.033e-01	0.21	0.0000267208
6_28048996_T_G	-8.984e-02	0.36	0.0000267273
4_102879321_G_A	8.966e-02	0.43	0.0000267281
6_26374410_A_G	-9.694e-02	0.28	0.0000267368
6_25873025_C_A	-1.325e-01	0.12	0.0000267533
11_125353281_C_T	-1.108e-01	0.19	0.0000268328
7_131619847_A_G	1.310e-01	0.83	0.0000270035
5_116492671_C_G	-8.792e-02	0.43	0.0000270756
15_88665982_T_C	1.005e-01	0.25	0.0000272153
6_27244590_G_A	-8.731e-02	0.50	0.0000273825
1_243501047_C_A	8.819e-02	0.56	0.0000273879
10_62150848_C_T	1.045e-01	0.76	0.0000274125
2_58168098_T_C	8.905e-02	0.59	0.0000275398
11_57477889_C_T	9.158e-02	0.31	0.0000275731
8_8642480_G_A	1.311e-01	0.85	0.0000276751
1_97146954_A_G	1.110e-01	0.22	0.0000277429
6_29196181_G_T	9.231e-02	0.66	0.000027839
3_52874296_G_A	-1.024e-01	0.27	0.0000279655
8_4238139_G_A	-8.915e-02	0.39	0.0000280056
1_97135440_C_T	1.108e-01	0.22	0.0000280157
1_243589156_G_T	8.755e-02	0.55	0.0000281826
14_61952133_A_G	2.316e-01	0.96	0.0000282633
1_98327831_C_T	1.036e-01	0.78	0.0000283222
12_2159593_G_T	-1.028e-01	0.28	0.000028428
6_32387860_C_T	-1.141e-01	0.14	0.0000284541
11_29167468_C_A	1.247e-01	0.12	0.0000284858
18_51402644_G_A	-9.971e-02	0.28	0.0000285482
6_29151671_C_T	8.673e-02	0.59	0.0000286761
3_52889771_C_T	-1.020e-01	0.27	0.000028691
11_29178954_G_T	1.249e-01	0.12	0.0000288467
5_101620464_A_C	9.960e-02	0.78	0.0000290562
2_48594595_C_T	8.618e-02	0.45	0.0000290933
2_58208074_A_G	8.872e-02	0.61	0.0000291003
8_31370455_C_T	8.627e-02	0.52	0.0000291196
11_125352586_C_A	-1.096e-01	0.19	0.0000291264
18_53166557_C_T	2.219e-01	0.03	0.0000292219
7_2413258_T_C	1.083e-01	0.20	0.0000293202
3_36894048_C_T	8.975e-02	0.36	0.0000294231
12_2374130_G_A	8.737e-02	0.41	0.0000294353
2_27743423_G_A	8.874e-02	0.38	0.0000295079
14_35630175_A_G	-8.673e-02	0.46	0.000029708
6_29195011_C_T	8.664e-02	0.60	0.0000298154
4_102904490_A_G	8.905e-02	0.44	0.0000298263
19_995943_T_G	-1.329e-01	0.33	0.0000298405
6_29151312_A_G	8.654e-02	0.59	0.0000298773
14_73294999_T_C	9.376e-02	0.65	0.0000300115
16_4586222_A_G	-9.422e-02	0.69	0.0000300213
6_28169158_T_A	-1.026e-01	0.21	0.0000300863
11_130830763_T_C	-8.627e-02	0.47	0.0000300873
2_24692809_C_G	-9.794e-02	0.72	0.0000301042
6_94069681_G_A	1.037e-01	0.24	0.0000301262
8_4190489_C_T	9.531e-02	0.29	0.0000302337
6_28226878_G_A	8.774e-02	0.61	0.0000302856
12_2333638_T_C	8.796e-02	0.36	0.0000303105
10_62094202_A_G	1.044e-01	0.76	0.0000303573
6_28706912_G_A	-8.905e-02	0.37	0.0000303744
5_116490357_T_C	-8.709e-02	0.44	0.0000305968
4_102888729_C_G	8.894e-02	0.43	0.0000307157
1_98348885_G_A	1.038e-01	0.78	0.0000307666
11_3130708_C_A	1.600e-01	0.17	0.0000308316
17_32969008_G_A	2.020e-01	0.08	0.0000308721
14_61952429_T_C	2.293e-01	0.96	0.0000309395
1_243501056_C_A	8.765e-02	0.56	0.0000310484
2_58153676_G_T	1.365e-01	0.13	0.0000312997
1_97172454_G_T	1.113e-01	0.22	0.0000313394
6_29161435_A_G	8.621e-02	0.59	0.0000313554
6_31598489_A_G	-1.119e-01	0.15	0.0000313647
1_97148579_G_A	1.100e-01	0.23	0.0000313694
1_9228624_T_C	-1.649e-01	0.08	0.0000314019
6_29152794_T_C	8.654e-02	0.60	0.0000316811
15_88823781_G_A	1.307e-01	0.11	0.0000318054
7_86325620_G_T	8.664e-02	0.48	0.0000318347
11_97957957_T_C	9.971e-02	0.22	0.0000318396
12_2368396_A_G	8.720e-02	0.40	0.000031918
1_98461954_T_C	1.174e-01	0.83	0.0000319438
3_181126962_G_A	-1.258e-01	0.14	0.0000319768
11_130831224_G_A	-8.588e-02	0.47	0.0000319925
5_101605641_T_C	9.916e-02	0.78	0.0000321721
6_31600820_A_G	-1.118e-01	0.15	0.0000321849
1_98425888_A_G	-1.177e-01	0.16	0.0000321869
1_53712727_C_T	-8.741e-02	0.39	0.0000322838
7_2393947_T_G	-1.089e-01	0.80	0.0000323299
6_32388574_T_C	-1.133e-01	0.14	0.0000323606
14_75326771_C_T	-8.828e-02	0.37	0.0000323994
7_41713113_T_C	-9.912e-02	0.80	0.0000324307
8_17063335_A_G	-9.531e-02	0.66	0.0000325772
19_995282_A_G	-1.319e-01	0.33	0.0000326091
10_62099113_C_T	1.033e-01	0.76	0.0000327774
1_33930301_A_G	-9.094e-02	0.61	0.0000327926
6_32384677_A_C	-1.133e-01	0.14	0.0000329569
1_98334990_G_T	1.028e-01	0.78	0.0000330917
17_1664646_C_T	1.704e+01	0.0013	0.0000333966
4_58993304_A_T	8.926e-02	0.34	0.0000334512
11_57496820_C_T	9.057e-02	0.31	0.0000335873
6_31591808_A_G	-1.116e-01	0.15	0.0000336732
5_138844599_T_C	-1.463e-01	0.85	0.0000337073
11_57498232_C_T	-9.047e-02	0.69	0.0000338368
5_116497698_C_T	-9.398e-02	0.40	0.0000339396
2_50268711_T_C	-1.005e-01	0.77	0.000033947
4_102868793_A_G	8.829e-02	0.44	0.000033994
6_32383208_G_T	-1.132e-01	0.14	0.0000340732
8_17145484_G_A	8.966e-02	0.44	0.0000340951
6_32383858_G_T	-1.129e-01	0.14	0.0000341033
6_31604591_C_T	-1.113e-01	0.15	0.000034174
6_32387752_A_C	-1.131e-01	0.14	0.000034211
3_180714307_T_G	-8.966e-02	0.34	0.0000342759
6_32383441_T_G	-1.131e-01	0.14	0.000034339
9_78325082_A_G	1.261e-01	0.85	0.0000343567
11_125357776_C_T	-1.085e-01	0.19	0.0000343846
6_32385873_C_T	-1.132e-01	0.14	0.0000344009
2_48593224_A_G	8.555e-02	0.43	0.0000344468
11_57424040_T_C	9.212e-02	0.30	0.0000344811
3_46644909_T_G	1.007e-01	0.25	0.0000344884
1_97152559_T_C	1.094e-01	0.23	0.0000346829
1_98328093_C_T	-1.026e-01	0.21	0.000034706
11_97962097_C_A	9.912e-02	0.23	0.0000347448
6_28100640_T_C	-8.801e-02	0.36	0.0000350985
1_97141695_G_T	1.109e-01	0.22	0.0000353753
6_32385782_C_A	-1.131e-01	0.14	0.000035415
2_155359252_G_A	1.002e-01	0.28	0.0000354465
2_48579778_G_A	8.526e-02	0.43	0.0000356226
13_59231395_T_G	-8.865e-02	0.38	0.0000356563
5_116489450_T_G	-8.627e-02	0.43	0.0000356643
10_2611192_C_T	-8.796e-02	0.62	0.0000356728
6_32385573_G_A	-1.129e-01	0.14	0.0000357133
3_36856030_T_C	8.556e-02	0.51	0.0000357169
10_105224066_G_A	9.303e-02	0.28	0.0000358144
6_26601526_T_C	-1.365e-01	0.11	0.000035904
14_61948383_G_A	2.269e-01	0.96	0.0000359446
1_97164343_A_G	1.105e-01	0.22	0.0000361776
14_35626997_T_C	-1.158e-01	0.17	0.0000362088
6_32385605_C_A	-1.128e-01	0.14	0.000036373
2_58169494_T_C	8.752e-02	0.59	0.0000363839
6_32385470_A_G	-1.125e-01	0.14	0.0000364177
7_41714475_A_G	-9.094e-02	0.72	0.000036583
7_2414757_C_T	1.071e-01	0.20	0.0000366278
14_61949580_A_G	-2.260e-01	0.04	0.0000366369
7_51721558_T_C	8.534e-02	0.54	0.0000366564
6_30511170_C_T	1.035e-01	0.25	0.0000367515
1_97177244_C_G	1.090e-01	0.22	0.00003681
2_73157395_C_T	-1.086e-01	0.20	0.0000368433
6_30914552_T_C	-1.067e-01	0.17	0.0000368628
4_163801096_T_C	-8.893e-02	0.67	0.0000369193
11_125350530_C_G	-1.088e-01	0.19	0.0000369832
9_83397674_G_A	9.604e-02	0.73	0.0000369997
6_25885814_C_T	-1.382e-01	0.11	0.0000370301
11_97969151_T_C	9.861e-02	0.23	0.0000370341
5_101605942_T_C	8.938e-02	0.63	0.0000370599
6_31632134_C_A	-1.112e-01	0.15	0.0000372938
11_125356895_C_T	-1.081e-01	0.19	0.0000373624
15_88662946_C_G	1.015e-01	0.23	0.0000373936
8_8637957_A_C	-1.165e-01	0.17	0.0000374827
6_29336054_G_A	9.085e-02	0.72	0.0000375732
5_111028566_G_A	-1.215e-01	0.86	0.0000376631
6_44310691_A_G	-1.026e-01	0.26	0.0000378752
10_62300818_G_A	1.388e-01	0.09	0.0000378997
6_32361821_C_T	-1.175e-01	0.12	0.0000379172
6_29176296_C_T	8.563e-02	0.60	0.0000380348
6_28129713_A_C	-8.783e-02	0.36	0.0000380967
1_98382114_G_T	1.017e-01	0.75	0.0000381408
11_57480623_C_A	9.002e-02	0.31	0.0000382911
6_28569949_C_T	-8.588e-02	0.42	0.000038444
16_4593741_C_A	-9.376e-02	0.68	0.0000385067
16_4502514_C_T	-9.212e-02	0.67	0.0000385105
3_180647263_T_C	-1.038e-01	0.20	0.0000385548
1_98417446_G_C	1.163e-01	0.84	0.0000386011
16_4500122_C_T	-9.168e-02	0.66	0.0000387126
6_32385099_G_A	-1.122e-01	0.14	0.0000387935
8_4190874_G_A	9.722e-02	0.27	0.0000387979
3_52833805_C_A	-8.719e-02	0.49	0.0000388155
12_87654093_T_C	1.018e-01	0.28	0.0000388814
1_98340139_A_T	-1.224e-01	0.14	0.0000389601
6_94051912_A_C	1.005e-01	0.25	0.00003916
16_4502410_G_A	-9.200e-02	0.67	0.0000392511
6_25869848_A_G	-1.297e-01	0.12	0.000039252
6_32383223_T_C	-1.122e-01	0.13	0.0000392671
3_180646631_G_A	-1.051e-01	0.18	0.0000393303
10_62078203_T_C	1.009e-01	0.74	0.0000393796
10_104625970_C_T	-1.436e-01	0.09	0.00003961
5_130407827_A_G	1.534e-01	0.08	0.0000397121
2_233777859_C_T	9.522e-02	0.30	0.0000397562
6_32388709_T_C	-1.121e-01	0.14	0.0000399347
16_4558615_G_A	-9.190e-02	0.67	0.0000399761
6_32387780_G_T	-1.122e-01	0.14	0.0000400676
11_57641883_T_C	9.025e-02	0.30	0.000040414
3_52823448_T_C	-8.911e-02	0.39	0.0000404271
6_25974204_A_G	-1.400e-01	0.10	0.0000404537
11_125446643_A_G	9.442e-02	0.70	0.0000404885
12_87685998_A_C	1.018e-01	0.28	0.0000406997
6_32161852_G_A	-1.083e-01	0.16	0.0000408657
7_2412493_C_T	1.064e-01	0.20	0.0000410019
14_35630319_C_A	-8.425e-02	0.55	0.0000410455
5_101596633_G_T	9.522e-02	0.76	0.000041145
3_180691092_G_A	-8.894e-02	0.34	0.0000411884
2_58170004_T_C	8.708e-02	0.59	0.0000412
1_243555219_A_G	9.783e-02	0.72	0.0000412218
7_41706132_T_G	-8.938e-02	0.72	0.0000412623
3_171043762_A_T	2.019e-01	0.92	0.0000413463
6_31619576_A_G	-1.101e-01	0.15	0.0000414729
1_98369744_G_A	1.023e-01	0.78	0.000041486
1_98365310_A_C	1.023e-01	0.78	0.0000415764
6_26313348_C_T	-1.429e-01	0.09	0.0000416173
1_98337283_A_G	1.014e-01	0.78	0.0000417408
8_4238712_C_T	-8.861e-02	0.34	0.0000417434
3_24729704_A_C	-1.065e-01	0.39	0.0000418061
6_32383410_G_T	-1.116e-01	0.14	0.0000422009
4_103052816_G_A	8.700e-02	0.47	0.0000422204
3_71310909_G_A	-1.233e-01	0.16	0.0000424299
3_53175017_G_A	-9.124e-02	0.35	0.0000424535
1_214430221_A_C	-8.957e-02	0.41	0.0000428146
1_98352053_A_T	1.019e-01	0.78	0.0000429674
12_117762699_C_G	-8.792e-02	0.37	0.0000429829
1_98342417_G_A	1.020e-01	0.78	0.0000429955
8_9178921_G_A	-1.006e-01	0.78	0.0000431
14_61952802_C_G	2.220e-01	0.96	0.000043253
7_2002733_T_C	1.019e-01	0.23	0.0000433347
6_31609272_T_C	-1.098e-01	0.15	0.0000434161
3_180632126_T_G	-1.039e-01	0.20	0.0000434816
6_31432125_C_T	8.829e-02	0.51	0.0000434891
2_233801356_A_G	9.310e-02	0.31	0.0000435205
1_98395881_G_T	1.146e-01	0.83	0.0000435703
7_41735034_C_T	-9.695e-02	0.79	0.0000436891
3_180639252_A_G	-1.045e-01	0.19	0.0000437062
3_180633485_G_A	-1.046e-01	0.19	0.0000437608
1_98336329_G_A	1.014e-01	0.78	0.0000438782
3_46644862_G_A	1.264e-01	0.14	0.0000439184
1_243498533_G_A	8.517e-02	0.56	0.0000440467
1_98378786_A_C	1.005e-01	0.77	0.0000440964
4_102841605_G_A	1.270e-01	0.17	0.0000441015
5_152507916_C_T	-1.039e-01	0.20	0.0000442297
8_64847410_G_A	8.388e-02	0.49	0.0000442723
2_149865250_A_G	2.362e-01	0.96	0.0000444872
3_180700150_A_G	-1.040e-01	0.20	0.0000444876
1_98341152_G_T	1.017e-01	0.78	0.0000445776
4_163801072_T_G	-8.792e-02	0.67	0.0000446136
3_52817675_G_A	-8.829e-02	0.40	0.0000446465
11_130794355_A_C	-8.810e-02	0.46	0.00004472
3_52847601_C_T	-8.719e-02	0.50	0.0000448681
9_96213529_A_G	1.147e-01	0.14	0.0000448738
2_27725761_C_T	8.682e-02	0.38	0.0000449335
7_86250071_G_A	-1.009e-01	0.23	0.0000450008
6_29337075_G_T	9.012e-02	0.72	0.0000450254
10_99167255_G_A	-9.321e-02	0.29	0.0000453126
1_98346177_T_C	1.017e-01	0.78	0.0000453649
1_98342685_C_A	-1.017e-01	0.21	0.0000454928
6_27849676_C_A	-1.029e-01	0.20	0.0000455229
19_13960386_T_C	-1.590e-01	0.26	0.0000455781
16_4500544_C_T	-9.135e-02	0.66	0.0000457161
6_2671256_A_G	-8.829e-02	0.61	0.0000457597
6_2676599_T_A	8.856e-02	0.36	0.0000458159
21_33973408_G_A	-9.299e-02	0.35	0.0000458864
2_48690596_T_G	-8.572e-02	0.56	0.0000461114
5_152566888_G_A	-1.041e-01	0.19	0.000046192
4_103037250_G_T	8.572e-02	0.47	0.0000463627
4_133449924_T_C	-1.194e-01	0.86	0.0000463919
8_4220707_A_G	-9.849e-02	0.71	0.0000465232
6_32191620_C_T	-1.004e-01	0.22	0.0000466596
10_105226538_T_C	1.087e-01	0.19	0.0000466944
11_83184482_C_T	-8.534e-02	0.62	0.0000467825
1_97196678_C_T	1.086e-01	0.22	0.0000468723
3_180647410_C_T	-1.040e-01	0.19	0.000046873
5_101596244_C_T	9.440e-02	0.75	0.0000470953
4_163802929_G_A	-8.763e-02	0.67	0.0000471166
13_53441018_A_G	-1.022e-01	0.77	0.0000471432
12_51045449_A_G	8.752e-02	0.39	0.0000471675
5_130413981_A_G	1.525e-01	0.08	0.0000472441
6_44346006_C_A	-1.098e-01	0.20	0.0000473225
1_243522906_A_G	9.762e-02	0.72	0.0000473376
22_26111018_G_A	1.133e-01	0.63	0.0000473471
14_61978454_G_A	-2.263e-01	0.04	0.0000474914
10_130185899_C_T	1.007e-01	0.22	0.0000475535
3_180632030_T_C	-1.041e-01	0.19	0.0000476335
8_4190222_A_G	8.720e-02	0.38	0.0000476595
1_98345019_G_A	1.015e-01	0.78	0.0000477007
7_121942674_C_A	-1.269e-01	0.42	0.0000477657
1_243471192_A_G	8.534e-02	0.54	0.0000478779
10_105282664_G_A	9.939e-02	0.23	0.0000479467
2_145141541_A_C	9.442e-02	0.38	0.0000480085
1_97238705_G_A	1.073e-01	0.23	0.0000483243
3_24190184_G_A	1.180e-01	0.17	0.0000485733
6_32161430_C_A	-1.070e-01	0.16	0.0000489002
5_101600837_A_G	8.709e-02	0.64	0.0000489486
1_244025999_G_A	8.938e-02	0.59	0.000048961
6_32283494_G_A	-1.024e-01	0.24	0.0000490976
3_71320898_A_G	-1.195e-01	0.17	0.0000493556
3_180673936_C_T	-1.037e-01	0.19	0.0000494019
2_37290687_T_C	1.815e-01	0.05	0.0000496704
6_32199144_C_A	-1.031e-01	0.18	0.0000498022
10_123901964_T_C	1.778e-01	0.14	0.0000498219
19_13940838_T_A	-9.993e-02	0.32	0.0000498282
3_52825585_T_C	-8.801e-02	0.39	0.0000499052
6_32161366_T_C	-1.068e-01	0.16	0.0000499659
7_71849677_A_T	-8.599e-02	0.49	0.0000499977
2_48493182_G_A	-8.404e-02	0.47	0.0000504466
4_163808442_T_C	-8.728e-02	0.67	0.0000504513
15_99718472_A_G	1.113e-01	0.16	0.0000505169
3_180630565_T_C	-1.037e-01	0.19	0.0000508947
7_78372798_T_C	-8.425e-02	0.60	0.0000510487
19_13932846_G_A	-1.330e-01	0.23	0.0000510627
22_49812076_C_T	1.289e-01	0.16	0.0000512663
4_102852286_C_T	8.618e-02	0.44	0.0000513074
3_52821011_A_G	-8.728e-02	0.40	0.0000514338
6_26319486_C_T	-1.420e-01	0.09	0.0000514971
3_52826846_G_A	-8.796e-02	0.39	0.0000515535
2_58272502_T_C	8.818e-02	0.62	0.0000516458
12_87654900_T_C	1.004e-01	0.28	0.0000517426
15_61880800_G_A	8.370e-02	0.56	0.0000517634
5_101595558_C_T	9.395e-02	0.76	0.00005179
17_33596090_T_G	1.341e-01	0.11	0.0000518921
1_214428811_C_T	-8.818e-02	0.41	0.0000519364
6_32276009_T_C	-1.037e-01	0.24	0.0000520973
12_117752069_C_T	-8.643e-02	0.37	0.0000521963
3_52596398_T_C	-8.517e-02	0.42	0.0000524201
3_52821177_A_C	-8.746e-02	0.40	0.0000525389
3_52618319_A_C	-8.526e-02	0.42	0.0000525984
3_52828628_C_T	-8.828e-02	0.39	0.0000528837
12_51074873_T_A	-9.168e-02	0.28	0.0000529084
12_87699155_T_G	1.000e-01	0.28	0.0000529175
4_163799758_C_T	8.874e-02	0.32	0.0000529268
3_52825462_A_G	-8.765e-02	0.39	0.0000529344
10_72997082_C_T	5.010e-01	0.01	0.000052978
8_17070685_T_G	-9.039e-02	0.65	0.0000531072
3_180601384_C_T	-1.037e-01	0.19	0.0000531913
3_52826276_T_C	-8.774e-02	0.39	0.0000532374
6_4515915_G_A	8.984e-02	0.32	0.00005324
13_59239659_G_A	-8.665e-02	0.38	0.0000532782
3_52585990_A_G	-8.508e-02	0.42	0.0000532821
6_2675271_C_T	8.838e-02	0.36	0.0000533378
2_181045431_A_G	8.970e-02	0.37	0.0000534157
14_35630388_A_G	-8.379e-02	0.46	0.0000534789
6_32389648_A_G	-9.267e-02	0.23	0.0000537918
2_37285840_T_C	1.808e-01	0.05	0.0000538378
11_125363676_C_T	-1.085e-01	0.18	0.0000540328
6_113446185_T_G	-1.027e-01	0.22	0.0000540991
3_46643141_A_G	9.794e-02	0.25	0.0000541187
15_83368738_T_G	-8.599e-02	0.58	0.0000541858
2_57978858_T_C	8.785e-02	0.65	0.0000542132
6_30083182_C_T	-1.219e-01	0.11	0.0000544403
18_44585955_G_A	-8.534e-02	0.37	0.000054818
8_4217562_A_T	-9.440e-02	0.71	0.0000548493
1_98376245_C_T	9.930e-02	0.77	0.0000548884
16_4586529_C_T	9.449e-02	0.28	0.0000549293
6_27859453_T_C	-1.033e-01	0.20	0.000055074
6_32278792_C_T	-1.018e-01	0.25	0.0000551792
3_52825528_T_C	-8.746e-02	0.39	0.0000552045
12_2149038_G_A	-1.682e-01	0.08	0.0000552699
7_71726874_C_T	-8.327e-02	0.48	0.0000554061
13_53440459_T_G	-1.011e-01	0.77	0.0000555396
10_104390303_A_G	-1.485e-01	0.09	0.0000556403
6_32234015_G_A	-1.006e-01	0.25	0.0000558167
3_180629399_G_T	-1.033e-01	0.19	0.0000558193
7_121950965_A_G	-1.241e-01	0.42	0.000055958
11_130814272_A_C	-8.324e-02	0.46	0.0000560262
10_105322373_C_T	-1.373e-01	0.13	0.0000560646
1_98359342_C_T	1.001e-01	0.78	0.0000561179
1_180820794_A_G	-8.305e-02	0.47	0.0000562082
14_61953145_A_G	2.169e-01	0.96	0.0000562421
1_98487763_G_A	1.140e-01	0.83	0.0000562726
6_29155749_G_A	-1.007e-01	0.21	0.0000562895
8_99192419_C_G	-9.613e-02	0.30	0.0000563634
6_27080205_A_G	-8.948e-02	0.32	0.0000564084
11_125365285_T_C	-1.082e-01	0.19	0.0000569436
18_44578565_A_G	-8.508e-02	0.37	0.0000569474
10_105245981_T_C	-9.349e-02	0.46	0.0000569512
3_52597664_G_A	-8.479e-02	0.42	0.0000570333
6_28579471_T_C	8.425e-02	0.58	0.0000571444
14_89393984_G_A	-9.135e-02	0.35	0.0000572788
19_13954633_T_G	-1.415e-01	0.24	0.0000572808
1_53711735_G_C	-8.447e-02	0.40	0.0000573283
8_4214280_C_T	-8.949e-02	0.67	0.0000573726
11_97968981_C_T	9.622e-02	0.23	0.0000575156
5_138933151_T_G	1.050e-01	0.23	0.000057539
8_9195378_A_T	-9.685e-02	0.77	0.0000575445
11_68217420_T_C	1.619e-01	0.06	0.0000576315
10_104498846_T_C	-3.241e-01	0.02	0.0000576985
5_111027410_C_T	-1.189e-01	0.86	0.0000577195
8_9192423_A_G	-1.311e-01	0.90	0.0000578064
1_97284496_C_A	1.076e-01	0.22	0.0000579765
5_101592742_T_C	8.588e-02	0.64	0.0000579848
6_32279340_C_T	-1.014e-01	0.23	0.0000580138
6_30075103_T_G	-1.167e-01	0.12	0.0000580312
2_233805499_T_C	-9.094e-02	0.68	0.0000581631
4_103047763_C_T	8.443e-02	0.47	0.0000582844
19_19358672_A_C	9.794e-02	0.23	0.0000584525
13_50750991_C_T	1.696e+00	0.0013	0.0000584526
8_4228577_C_G	8.709e-02	0.65	0.000058476
12_51138862_C_T	-9.684e-02	0.27	0.000058485
1_193665684_C_T	3.002e-01	0.02	0.000058592
6_93913200_G_C	9.112e-02	0.46	0.0000585937
3_52584787_T_C	-8.452e-02	0.43	0.0000586779
5_101608346_G_A	9.340e-02	0.76	0.0000586969
7_71723377_A_T	-8.315e-02	0.47	0.0000587684
6_32280182_A_G	-1.013e-01	0.23	0.0000587856
4_133456344_A_C	-1.173e-01	0.86	0.0000588555
18_51240097_T_G	-1.081e-01	0.18	0.0000588985
1_98470605_A_G	1.133e-01	0.83	0.0000589062
7_71712135_C_T	-8.316e-02	0.48	0.0000589259
5_130418187_A_G	1.497e-01	0.08	0.0000590011
10_104391627_A_G	-1.478e-01	0.09	0.000059016
16_24069980_G_C	9.558e-02	0.27	0.0000590324
3_52822921_C_T	-8.610e-02	0.41	0.0000590642
5_116500651_C_A	-8.599e-02	0.36	0.0000592971
2_27722416_G_A	8.526e-02	0.38	0.0000595968
18_52757346_T_C	-1.067e-01	0.18	0.0000596143
21_33888393_A_C	-9.821e-02	0.24	0.0000596657
16_4480682_G_C	-9.354e-02	0.69	0.0000597285
3_180620256_C_T	-1.030e-01	0.19	0.0000597574
1_180833569_A_C	-8.269e-02	0.47	0.0000598425
12_2145507_A_G	-1.674e-01	0.08	0.0000599401
11_68291920_T_G	-1.626e-01	0.94	0.0000600227
12_117751425_G_A	-8.577e-02	0.37	0.0000600594
19_13960562_T_C	-1.604e-01	0.28	0.0000600834
6_32279622_G_T	-1.011e-01	0.24	0.000060191
5_152548490_A_T	-1.027e-01	0.19	0.0000603929
10_104429639_G_A	1.303e-01	0.88	0.0000604486
16_12946129_G_A	1.027e-01	0.47	0.0000607978
9_78326500_G_A	1.214e-01	0.85	0.0000608105
6_32281360_T_C	-1.011e-01	0.24	0.0000608319
5_138969179_G_A	1.047e-01	0.23	0.0000611894
8_64833972_C_T	8.388e-02	0.46	0.0000612008
1_53708850_G_T	-8.469e-02	0.40	0.0000613266
6_32254452_A_G	-1.011e-01	0.23	0.0000613892
16_7753761_T_G	8.273e-02	0.46	0.0000614788
22_49816591_T_C	1.257e-01	0.17	0.0000615606
6_73048415_A_G	1.365e-01	0.88	0.0000618555
2_27728777_C_G	8.523e-02	0.38	0.0000618675
2_27721971_T_C	8.512e-02	0.39	0.0000618916
6_30079307_C_A	-1.164e-01	0.13	0.0000619065
6_32255269_G_A	-1.010e-01	0.23	0.0000619773
18_44587654_C_T	-8.512e-02	0.37	0.0000620984
2_48725610_C_T	-8.403e-02	0.51	0.0000623489
5_101591422_G_A	9.322e-02	0.76	0.0000624363
6_30080274_G_A	-1.163e-01	0.13	0.0000624779
1_97258468_G_A	1.054e-01	0.23	0.0000624781
8_9193501_G_A	-8.284e-02	0.57	0.0000625096
20_59978756_T_C	9.905e-02	0.47	0.0000625806
11_130801786_C_G	-8.269e-02	0.47	0.0000625845
6_128312033_A_G	-9.331e-02	0.30	0.0000626041
8_4188180_T_C	8.763e-02	0.35	0.000062673
11_134581403_A_C	1.274e-01	0.15	0.00006286
18_43153828_T_G	-9.948e-02	0.30	0.0000628814
10_62062686_C_T	9.812e-02	0.75	0.0000631532
6_32275194_G_A	-1.008e-01	0.24	0.0000631795
3_143138382_G_A	1.348e-01	0.09	0.0000633503
3_62055059_T_C	1.017e-01	0.80	0.0000634211
10_64304083_G_A	-9.607e-02	0.26	0.0000634623
14_72416763_C_T	1.132e-01	0.15	0.000063653
6_25905111_G_A	-1.394e-01	0.09	0.0000637545
3_52698417_T_C	-8.462e-02	0.42	0.0000640184
8_89268543_T_G	-9.194e-02	0.71	0.0000640488
3_52815905_T_C	-8.407e-02	0.51	0.0000641576
1_98474767_C_T	1.129e-01	0.83	0.0000642352
6_128305888_T_C	-9.495e-02	0.30	0.0000642639
5_138992703_A_G	1.053e-01	0.22	0.0000643668
5_136813811_G_C	-8.501e-02	0.36	0.0000643794
6_113451328_C_T	-1.015e-01	0.22	0.0000644088
15_61863856_T_C	-8.783e-02	0.29	0.0000644407
19_13951830_G_A	-1.371e-01	0.24	0.0000644824
1_37169665_C_T	8.838e-02	0.31	0.0000644849
13_41270978_T_C	6.493e-01	0.01	0.0000645469
11_72877964_G_A	-9.431e-02	0.61	0.0000646506
2_48589166_A_C	8.240e-02	0.44	0.0000647184
6_32252678_T_C	-1.008e-01	0.23	0.0000647782
5_125385126_C_T	1.114e-01	0.17	0.0000648632
6_32271807_G_T	-1.006e-01	0.24	0.0000650933
2_236780457_A_G	8.284e-02	0.44	0.0000651312
6_29704316_G_A	-9.266e-02	0.23	0.0000653452
6_27819353_T_G	-9.395e-02	0.25	0.000065428
6_32277211_C_T	-1.006e-01	0.24	0.0000654432
2_48581876_T_C	8.219e-02	0.44	0.0000654626
3_52628816_A_G	-8.407e-02	0.42	0.0000654747
8_4206322_C_T	1.005e-01	0.22	0.0000655692
7_156838746_T_C	1.601e-01	0.10	0.0000655937
4_183684034_A_G	1.105e-01	0.19	0.0000656595
3_52726695_C_T	-8.403e-02	0.42	0.000065992
1_98490165_C_T	1.127e-01	0.83	0.0000659975
4_58990012_A_C	8.643e-02	0.34	0.0000660406
2_17303288_T_G	1.018e-01	0.21	0.0000660886
3_52721305_G_A	-8.403e-02	0.42	0.0000660953
6_32235096_A_C	-9.985e-02	0.25	0.0000661555
21_27571469_C_T	1.639e-01	0.07	0.0000661602
13_26742798_G_A	1.035e-01	0.80	0.0000662777
6_32278670_C_T	-1.005e-01	0.24	0.0000665266
15_88661632_T_C	9.794e-02	0.23	0.0000667305
6_30951561_T_C	-1.109e-01	0.13	0.0000667799
9_6555311_A_G	-1.051e-01	0.65	0.0000673596
10_130187471_T_G	9.816e-02	0.22	0.0000676969
6_25904652_A_C	-1.365e-01	0.10	0.0000677204
8_89731444_C_T	8.755e-02	0.36	0.0000677786
16_4535557_C_T	-8.916e-02	0.68	0.0000678471
1_243428152_T_G	-8.801e-02	0.35	0.0000679247
1_98491732_T_C	1.125e-01	0.83	0.0000680562
2_58168856_G_T	8.443e-02	0.59	0.0000680968
6_43144054_G_A	-1.556e-01	0.06	0.0000681813
16_4546586_G_C	-8.937e-02	0.67	0.0000682189
1_97233708_C_T	1.061e-01	0.22	0.0000686224
17_33597344_C_T	1.382e-01	0.09	0.0000686672
3_180667565_C_G	-1.002e-01	0.20	0.0000689778
8_4215917_G_A	-9.266e-02	0.71	0.0000690017
1_98489735_T_C	1.124e-01	0.83	0.0000691717
4_163817860_G_A	8.627e-02	0.32	0.0000693065
2_134516474_T_A	-8.208e-02	0.52	0.0000696992
8_9196466_A_G	-8.250e-02	0.56	0.0000698353
14_75310812_G_C	8.425e-02	0.63	0.0000698595
7_1915282_C_A	1.007e-01	0.21	0.0000699381
4_163817354_A_G	-8.554e-02	0.67	0.0000700344
3_52642936_A_T	-8.361e-02	0.43	0.0000700493
6_32273765_A_G	-1.002e-01	0.24	0.0000700602
9_117236557_T_C	8.360e-02	0.51	0.0000701059
10_104400133_C_T	-1.478e-01	0.09	0.0000701323
10_104384029_G_A	-1.463e-01	0.09	0.0000702121
7_1921362_C_T	1.006e-01	0.21	0.0000702482
16_82697948_T_C	-8.883e-02	0.65	0.0000704122
6_27878738_T_G	-9.303e-02	0.26	0.0000704822
1_98488030_G_A	1.123e-01	0.83	0.0000705041
6_26598004_A_G	-1.308e-01	0.11	0.0000707684
6_29138777_A_C	-1.009e-01	0.20	0.0000709398
6_28147987_A_G	-9.849e-02	0.20	0.000070954
5_101745019_G_A	-8.654e-02	0.65	0.0000710341
6_128313088_A_G	-9.276e-02	0.29	0.0000711218
8_4213183_A_C	-8.462e-02	0.43	0.0000712825
6_30993236_A_G	1.234e-01	0.17	0.0000713601
3_52886605_T_C	-9.613e-02	0.28	0.0000713729
1_97272456_A_G	1.048e-01	0.23	0.0000715449
15_88676679_C_T	1.013e-01	0.21	0.0000716481
11_112396127_C_T	-8.894e-02	0.32	0.0000716617
1_167171571_A_G	1.547e-01	0.11	0.0000717252
6_27129757_G_A	-8.840e-02	0.32	0.0000717478
11_98074529_G_T	8.167e-02	0.50	0.0000719556
1_97233165_A_G	1.058e-01	0.22	0.0000719905
15_88531046_T_C	-8.755e-02	0.62	0.0000721782
8_4216317_A_G	-9.313e-02	0.71	0.0000722788
13_26744925_A_C	1.029e-01	0.80	0.0000723678
11_68215954_G_A	1.491e-01	0.07	0.0000723867
5_62277384_C_T	-9.014e-02	0.27	0.0000725648
3_38438372_T_C	8.295e-02	0.57	0.0000725904
14_35619816_A_G	-1.117e-01	0.17	0.0000728198
6_32238219_G_A	-1.000e-01	0.23	0.0000728523
1_97262716_C_T	1.064e-01	0.22	0.0000730043
3_52728804_C_T	-8.349e-02	0.42	0.0000731797
6_25255277_G_C	-1.262e-01	0.09	0.0000733549
6_25901133_C_T	-1.401e-01	0.09	0.0000734376
6_32239050_A_C	-9.994e-02	0.23	0.0000734473
10_96700537_C_T	8.443e-02	0.62	0.000073608
7_1914679_A_C	1.005e-01	0.21	0.0000736732
6_32261507_T_C	-1.000e-01	0.25	0.000073682
1_98480128_T_C	1.117e-01	0.83	0.0000738271
13_106074279_G_A	1.457e-01	0.89	0.0000738645
1_243663893_C_T	-1.011e-01	0.21	0.000073873
16_4497451_T_C	-9.203e-02	0.69	0.0000742894
6_32239651_C_T	-9.993e-02	0.23	0.0000742905
9_84962689_A_G	8.742e-02	0.35	0.0000743005
16_4569440_C_T	-8.894e-02	0.68	0.0000743673
8_9225872_A_C	9.299e-02	0.23	0.000074389
6_32272510_C_T	-9.982e-02	0.24	0.0000744534
6_30940989_T_C	-1.102e-01	0.13	0.0000745761
6_32235895_T_G	-9.985e-02	0.23	0.0000747184
2_27716494_G_A	8.425e-02	0.39	0.000074795
10_106202953_C_A	-9.475e-02	0.23	0.0000748963
6_28137027_T_G	-9.812e-02	0.20	0.0000750028
10_34083871_G_A	1.369e-01	0.10	0.0000750122
5_101775339_T_C	-8.443e-02	0.64	0.0000751089
6_27121325_T_G	-8.792e-02	0.32	0.0000752089
9_84799537_A_C	9.640e-02	0.25	0.0000752949
7_2239569_T_C	-8.535e-02	0.61	0.0000754155
12_67413365_A_G	1.940e+00	0.0013	0.0000755248
1_164452742_G_C	-8.937e-02	0.63	0.0000755461
12_2329970_T_C	8.284e-02	0.36	0.0000756368
9_134348723_G_A	-1.166e-01	0.16	0.000075895
10_96407511_C_T	-1.094e-01	0.16	0.0000759088
8_4236743_T_C	8.295e-02	0.45	0.000075922
6_30079993_A_C	-1.197e-01	0.11	0.0000759906
1_14947920_T_C	9.124e-02	0.28	0.0000759912
10_104604916_T_G	-1.376e-01	0.09	0.000076039
10_2610523_G_A	9.376e-02	0.23	0.0000760697
4_6403503_C_T	-8.741e-02	0.29	0.000076106
20_54831337_G_A	-9.244e-02	0.28	0.0000761104
3_52697163_A_G	-8.324e-02	0.43	0.0000761212
6_31274380_T_C	8.555e-02	0.36	0.0000762175
8_8629936_T_G	-1.180e-01	0.17	0.0000762756
1_84134042_G_A	-9.113e-02	0.33	0.000076366
10_104614350_C_T	-1.378e-01	0.09	0.0000766147
16_4549583_G_C	-8.851e-02	0.67	0.0000768308
6_44316373_T_C	9.783e-02	0.74	0.0000769251
11_130808483_C_T	-8.154e-02	0.46	0.0000769928
5_101736641_C_T	-8.425e-02	0.64	0.0000770414
9_134348431_T_C	-1.166e-01	0.16	0.0000770619
6_27057945_T_G	-8.774e-02	0.32	0.0000772668
11_130890970_G_A	-8.230e-02	0.48	0.0000773536
6_30079129_T_C	-1.196e-01	0.11	0.0000774193
1_193667896_C_T	2.880e-01	0.02	0.0000775586
6_27114052_G_T	-8.807e-02	0.31	0.0000775665
6_27970031_G_T	-9.750e-02	0.19	0.0000777054
1_97283033_T_C	1.055e-01	0.22	0.000077931
15_47280422_G_T	8.746e-02	0.66	0.0000779409
2_236777625_A_G	8.142e-02	0.44	0.0000781222
6_25186512_C_T	-1.581e-01	0.06	0.0000781229
9_84750462_C_A	9.812e-02	0.25	0.000078218
5_101762909_A_G	-8.517e-02	0.65	0.0000783019
5_101729829_C_T	-8.414e-02	0.64	0.0000784187
6_32238013_T_C	-9.957e-02	0.24	0.0000787023
20_59974772_C_A	8.388e-02	0.47	0.0000788374
5_101773239_A_G	-8.508e-02	0.65	0.0000788483
10_104591393_G_T	-1.371e-01	0.09	0.0000792232
3_52709259_A_C	-8.305e-02	0.43	0.0000793223
15_47346023_A_G	9.036e-02	0.67	0.0000796036
2_134529661_G_T	-8.143e-02	0.51	0.0000796914
2_162828001_G_A	8.149e-02	0.42	0.0000798598
3_32062641_T_C	-1.422e-01	0.90	0.0000799939
6_30366100_T_C	1.094e-01	0.19	0.0000801493
10_96732731_T_G	8.501e-02	0.62	0.0000803573
6_29702061_C_A	-9.299e-02	0.23	0.0000803706
6_43144618_G_A	-1.273e-01	0.11	0.0000808805
15_83356259_A_G	-8.388e-02	0.58	0.0000809653
11_134496258_A_G	1.369e-01	0.10	0.0000810395
6_30081246_C_T	-1.192e-01	0.11	0.0000811995
5_101729504_C_T	-8.501e-02	0.65	0.000081296
2_48380718_A_G	-1.351e-01	0.12	0.0000813485
6_30190640_C_T	-8.143e-02	0.42	0.0000814404
3_52602274_T_C	-8.250e-02	0.44	0.0000814699
13_70508163_C_T	8.535e-02	0.41	0.0000816713
8_64795941_T_G	8.208e-02	0.46	0.0000817459
11_16195888_T_G	3.994e-01	0.02	0.0000817785
1_98550411_T_C	1.077e-01	0.82	0.0000818616
9_84765612_A_G	9.783e-02	0.27	0.0000819943
10_96231169_G_A	-1.243e-01	0.12	0.0000821119
18_49480607_C_T	-8.763e-02	0.38	0.0000821125
16_4568769_C_G	-8.847e-02	0.68	0.0000822064
6_32243129_T_C	-9.912e-02	0.23	0.0000822768
20_49611586_C_T	8.590e-02	0.40	0.0000823212
10_104308446_C_T	-1.449e-01	0.09	0.0000823718
7_71723211_A_G	-8.112e-02	0.47	0.0000824401
6_25925987_G_A	-1.372e-01	0.09	0.0000824816
6_30081189_G_A	-1.191e-01	0.11	0.0000828313
3_52818579_G_A	-8.425e-02	0.41	0.0000829255
6_32255410_G_A	-9.937e-02	0.25	0.0000833079
16_4560301_G_A	-8.818e-02	0.67	0.0000833355
3_52628056_C_A	-8.219e-02	0.52	0.0000834807
11_130805444_T_C	-8.140e-02	0.46	0.0000836254
1_37147203_C_T	8.489e-02	0.37	0.0000838991
8_4217722_G_A	-9.222e-02	0.71	0.0000840069
11_123395864_A_G	9.025e-02	0.30	0.0000841501
8_89439469_C_A	9.313e-02	0.28	0.000084244
7_71740458_G_A	-8.153e-02	0.47	0.0000842728
2_27729480_G_A	8.388e-02	0.38	0.0000842741
8_9242557_A_G	-8.618e-02	0.55	0.0000843082
1_37162352_A_G	8.698e-02	0.31	0.0000843603
5_101755430_T_C	-8.498e-02	0.65	0.0000844168
6_25437986_C_T	9.858e-02	0.75	0.0000844501
15_84205754_T_C	1.499e-01	0.11	0.0000844609
6_30947509_A_T	-1.092e-01	0.13	0.0000847302
6_28137454_G_A	-9.739e-02	0.20	0.0000849389
4_58984351_G_A	8.480e-02	0.34	0.0000849934
7_156840049_C_T	1.612e-01	0.10	0.0000850425
6_31597700_C_T	-1.034e-01	0.15	0.0000851556
6_32211085_T_G	-8.498e-02	0.40	0.0000852208
10_96387079_A_G	-1.087e-01	0.16	0.000085276
6_28014597_C_T	-9.838e-02	0.18	0.0000853255
5_60513501_A_G	8.186e-02	0.39	0.00008537
11_98064153_A_G	8.089e-02	0.50	0.0000854179
5_101631343_G_A	8.471e-02	0.33	0.0000854469
3_52651966_A_C	-8.278e-02	0.42	0.0000854709
7_2032803_C_T	9.975e-02	0.22	0.0000855641
3_52680823_C_T	-8.273e-02	0.42	0.0000856712
10_6915861_G_C	1.871e-01	0.05	0.0000857072
5_101728519_C_G	-8.471e-02	0.65	0.0000861042
6_27138529_C_A	-8.742e-02	0.32	0.0000861565
12_2350620_G_A	-9.607e-02	0.59	0.0000861783
6_43156160_T_A	1.527e-01	0.09	0.0000861975
16_4470027_G_T	-9.596e-02	0.74	0.000086508
10_18601928_T_C	-1.048e-01	0.26	0.0000868202
9_117250393_A_G	8.056e-02	0.49	0.0000868501
1_180676263_A_G	-8.084e-02	0.47	0.0000869959
19_32625061_T_C	-8.819e-02	0.68	0.0000870746
7_41730931_C_G	-8.498e-02	0.68	0.0000872124
2_57992112_G_A	8.158e-02	0.54	0.0000872583
1_109366286_C_T,G	-9.288e-02	0.28	0.0000872838
18_61861406_A_G	-9.595e-02	0.29	0.0000878087
18_52753785_C_A	-1.050e-01	0.17	0.0000878771
5_101795490_A_G	-8.462e-02	0.65	0.0000879007
15_61829676_C_A	-9.288e-02	0.24	0.0000879311
3_143138333_C_A	1.325e-01	0.09	0.0000881166
3_52672167_C_A	-8.251e-02	0.43	0.0000881826
11_83221390_A_C	-8.443e-02	0.63	0.0000882169
3_52657002_T_C	-8.250e-02	0.43	0.0000882962
4_102985850_C_T	-8.132e-02	0.52	0.0000883411
15_61852209_G_T	8.792e-02	0.72	0.0000883675
10_130212570_T_C	1.108e-01	0.17	0.0000885089
6_156490528_C_A	-8.447e-02	0.32	0.0000885089
9_117247587_A_T	8.164e-02	0.50	0.0000886717
3_52659963_G_A	-8.240e-02	0.43	0.0000887288
6_32233886_G_C	-9.739e-02	0.25	0.0000887375
2_111585306_G_A	1.938e-01	0.03	0.0000891435
3_52683864_C_A	-8.240e-02	0.43	0.0000892533
3_52604861_A_G	-8.195e-02	0.43	0.0000893845
1_230255859_C_T	8.250e-02	0.43	0.00008955
1_180722353_G_A	-8.023e-02	0.50	0.0000896664
8_89415262_G_A	9.194e-02	0.28	0.0000897452
5_136839964_C_T	8.305e-02	0.64	0.0000899047
3_38438182_G_C	8.176e-02	0.57	0.0000900078
11_16171678_A_G	3.975e-01	0.02	0.0000900416
12_51073523_G_A	-8.970e-02	0.28	0.0000903637
10_104594507_A_G	-1.358e-01	0.09	0.0000903753
5_101775267_G_A	-8.338e-02	0.64	0.0000905498
6_28132358_A_C	-9.704e-02	0.20	0.0000906137
4_102988188_C_A	-8.132e-02	0.52	0.0000906225
6_30084549_G_A	-1.181e-01	0.11	0.0000907312
3_62055452_G_A	9.939e-02	0.80	0.000091322
9_84814794_A_G	9.585e-02	0.25	0.0000914831
10_105324774_C_T	-1.177e-01	0.12	0.0000916104
1_230242962_C_T	8.158e-02	0.43	0.0000918179
7_1903100_C_T	-8.588e-02	0.36	0.0000918205
3_52610415_T_C	-8.176e-02	0.44	0.0000918242
22_25319244_T_C	9.442e-02	0.22	0.0000921929
6_28893927_G_A	-8.251e-02	0.37	0.0000922912
5_101803412_G_A	-8.436e-02	0.65	0.000092366
7_134833870_C_T	-1.692e-01	0.06	0.0000928549
6_30080496_G_A	-1.140e-01	0.12	0.0000929152
3_180559330_A_G	8.262e-02	0.57	0.0000929301
3_52599789_A_G	-8.167e-02	0.44	0.0000929577
3_52618018_T_C	-8.176e-02	0.44	0.0000931036
2_236770075_A_G	8.208e-02	0.45	0.0000931543
3_52682946_C_A	-8.219e-02	0.43	0.0000931994
6_28127710_G_T	-9.685e-02	0.20	0.000093208
10_64304060_A_C	-9.376e-02	0.26	0.0000932658
13_53488158_C_G	1.426e-01	0.11	0.0000934702
11_16177318_G_A	3.975e-01	0.02	0.0000935155
3_52606292_C_T	-8.186e-02	0.44	0.000093972
18_51310862_C_T	-9.091e-02	0.30	0.0000939891
6_28115184_T_G	-9.740e-02	0.20	0.0000941781
2_180995275_T_C	8.545e-02	0.32	0.0000942893
22_25319537_C_T	9.422e-02	0.22	0.0000945689
16_80997892_G_A	-8.894e-02	0.36	0.0000946548
13_23744015_A_G	8.720e-02	0.41	0.0000947126
11_130861994_C_T	-8.078e-02	0.46	0.0000948264
8_21464975_G_A	-8.284e-02	0.47	0.0000948889
3_52800284_T_C	-8.241e-02	0.43	0.0000949522
5_101679449_T_C	-8.315e-02	0.64	0.0000950162
4_6402010_T_C	-8.618e-02	0.30	0.0000951029
6_26153335_C_A	9.340e-02	0.22	0.0000956984
10_105225201_C_T	-8.175e-02	0.46	0.0000957019
1_230250182_T_C	8.164e-02	0.43	0.000095747
10_2607487_G_A	9.258e-02	0.23	0.0000958052
1_219048376_C_T	3.658e-01	0.02	0.0000958685
8_144930882_A_G	-2.827e-01	0.11	0.00009613
12_5474697_G_A	-1.089e-01	0.20	0.0000961897
5_171971486_C_A	-1.274e-01	0.12	0.0000962158
18_71417201_C_T	-8.556e-02	0.66	0.000096233
4_102943996_A_C	-8.305e-02	0.56	0.0000962479
18_52734527_A_G	1.401e-01	0.89	0.0000962895
3_52739520_T_C	-8.222e-02	0.42	0.0000963855
6_28126202_A_G	-9.667e-02	0.20	0.0000963957
8_89273678_A_C	-9.158e-02	0.73	0.000096537
4_102967631_A_C	-8.324e-02	0.56	0.0000967122
9_27584899_T_C	9.102e-02	0.36	0.0000968067
5_101647925_C_T	-8.414e-02	0.65	0.0000969409
6_28054707_T_C	-9.613e-02	0.20	0.0000970188
4_103021348_T_C	8.143e-02	0.47	0.0000970718
3_52643685_T_C	-8.195e-02	0.43	0.0000971167
4_102991139_C_G	-8.103e-02	0.52	0.0000971436
3_52593230_C_T	-8.154e-02	0.44	0.0000973305
1_33921878_C_T	-9.069e-02	0.54	0.0000975833
2_74729130_G_A	-2.583e-01	0.04	0.0000976535
5_18500953_G_A	8.865e-02	0.33	0.0000978014
8_17135976_G_T	8.425e-02	0.42	0.0000979104
3_52718280_G_T	-8.143e-02	0.44	0.0000979255
6_28048624_T_C	-8.975e-02	0.25	0.0000979543
3_62051711_T_C	1.222e-01	0.90	0.0000980921
7_104855871_C_A	-8.512e-02	0.64	0.0000980922
13_26745194_C_T	1.012e-01	0.80	0.0000982062
10_104412308_C_T	-1.435e-01	0.09	0.0000983793
3_71327322_A_G	-1.171e-01	0.16	0.0000984444
6_30178287_C_T	-8.056e-02	0.42	0.0000988743
11_16144535_A_G	3.956e-01	0.02	0.0000989231
7_104807207_A_C	8.393e-02	0.34	0.0000989353
3_53101580_C_T	-8.534e-02	0.34	0.0000989393
8_89371594_A_C	-9.185e-02	0.73	0.0000990321
3_52764624_C_T	-8.219e-02	0.42	0.0000992172
7_104812129_G_A	8.407e-02	0.34	0.0000996093
6_32268701_T_G	-9.812e-02	0.25	0.0000996352
6_28108967_T_C	-9.649e-02	0.20	0.0000996695
2_27689899_T_C	8.316e-02	0.38	0.0000997223
10_104386934_T_C	-1.428e-01	0.09	0.0000998711
1_98550374_G_A	1.067e-01	0.82	0.0000999534
