11_47293799_G_C	-1.100e-01	0.26	2.054e-45
11_47346723_T_C	-1.100e-01	0.28	3.408e-45
11_47276675_A_G	-1.100e-01	0.27	4.126e-45
11_47336320_A_T	-1.100e-01	0.28	6.062e-45
11_47312689_A_G	-1.100e-01	0.27	1.559e-42
11_72432985_G_A	1.300e-01	0.16	3.249e-38
11_72433098_A_C	1.300e-01	0.16	3.409e-38
11_72474839_A_G	1.200e-01	0.20	2.806e-35
11_47229316_C_T	-9.600e-02	0.28	5.159e-33
11_72669777_T_C	1.100e-01	0.19	4.654e-31
11_72721271_C_A	1.100e-01	0.19	4.735e-31
11_72615069_C_G	1.100e-01	0.19	4.997e-31
11_47600438_C_T	-8.900e-02	0.25	1.619e-29
11_47659135_G_A	-8.800e-02	0.25	2.163e-29
11_47532395_T_G	-8.800e-02	0.25	2.752e-29
11_72851463_C_T	-1.000e-01	0.79	4.563e-28
11_47474146_T_G	-8.500e-02	0.26	7.094e-28
11_47346940_G_A	-8.100e-02	0.37	8.228e-28
11_72629946_A_G	9.900e-02	0.20	9.058e-28
11_47249223_G_A	-8.100e-02	0.37	1.161e-27
11_72707441_A_C	9.900e-02	0.20	1.453e-27
11_72727840_A_G	9.900e-02	0.20	1.496e-27
11_47261260_G_A	-7.900e-02	0.39	8.237e-27
11_47318157_T_C	-7.800e-02	0.39	8.96e-27
11_47302733_C_T	-7.800e-02	0.39	9.953e-27
11_47509137_G_C	-8.200e-02	0.28	1.023e-26
11_47572279_G_A	-8.200e-02	0.28	1.342e-26
11_47568344_C_G	-8.200e-02	0.28	1.348e-26
11_47662932_T_C	-8.200e-02	0.28	1.368e-26
11_47530024_G_A	-8.200e-02	0.28	1.369e-26
11_47378245_T_C	8.000e-02	0.64	2.641e-26
11_72546252_A_G	1.900e-01	0.02	2.821e-26
11_47354905_T_C	-1.300e-01	0.09	3.343e-26
11_72648085_T_G	1.900e-01	0.02	3.774e-26
11_72444583_T_C	8.800e-02	0.28	4.114e-26
11_47461693_G_A	-8.100e-02	0.29	5.36e-26
11_47407439_C_A	-7.600e-02	0.35	8.423e-26
11_47399602_G_A	-7.700e-02	0.35	8.685e-26
11_47363215_G_T	7.700e-02	0.63	2.131e-25
11_47363285_G_A	-7.600e-02	0.37	6.679e-25
11_47467172_A_T	-7.900e-02	0.30	1.975e-24
11_47811309_A_C	-7.800e-02	0.28	3.162e-24
11_47434986_G_A	-7.600e-02	0.31	3.908e-24
11_72433920_T_C	7.400e-02	0.39	4.414e-24
11_47836302_T_A	-7.800e-02	0.27	5.072e-24
11_72431679_T_C	7.400e-02	0.39	5.891e-24
11_47419663_G_T	-7.200e-02	0.37	6.479e-24
11_47394305_C_T	-7.300e-02	0.38	9.104e-24
11_47410888_G_T	-7.200e-02	0.38	9.595e-24
11_47416746_C_T	-7.200e-02	0.38	9.83e-24
11_47418953_C_G	-7.200e-02	0.37	1.01e-23
11_47466442_G_A	-7.500e-02	0.31	1.24e-23
11_47423340_C_T	-7.200e-02	0.38	2.869e-23
11_47440758_G_A	-7.100e-02	0.37	3.47e-23
11_47447346_C_T	-7.100e-02	0.37	3.605e-23
11_47449072_G_A	-7.100e-02	0.37	3.669e-23
11_72429141_G_A	7.500e-02	0.38	5.01e-23
11_72483880_G_A	8.700e-02	0.31	6.192e-23
11_47461783_A_G	-7.100e-02	0.37	6.747e-23
11_47929846_G_A	-7.700e-02	0.27	8.493e-23
11_72409189_C_T	7.600e-02	0.27	9.912e-21
11_72405450_C_T	7.600e-02	0.27	1.124e-20
11_47065072_G_A	-1.000e-01	0.09	4.359e-20
11_72499035_T_C	-6.700e-02	0.28	1.869e-19
11_72504141_C_G	-6.600e-02	0.28	1.94e-19
11_47054448_A_G	-1.000e-01	0.09	4.248e-19
11_72449249_T_C	6.400e-02	0.49	2.031e-18
11_72594240_C_T	6.500e-02	0.55	2.176e-18
11_47712213_C_T,A	-8.900e-02	0.12	2.532e-18
10_114758349_C_T	6.700e-02	0.31	3.484e-18
11_72401101_T_C	7.000e-02	0.33	4.669e-18
11_46559730_T_C	-1.100e-01	0.08	4.906e-18
11_46699124_G_A	-1.100e-01	0.09	7.103e-18
11_72520530_C_A	-6.400e-02	0.23	8.929e-18
10_114767771_G_A	6.500e-02	0.33	1.037e-17
10_114756041_A_T	6.500e-02	0.33	1.329e-17
11_72441431_T_C	6.100e-02	0.61	3.339e-17
11_72431231_T_G	6.100e-02	0.61	4.115e-17
10_114752503_T_C	7.600e-02	0.25	4.843e-17
11_72609119_T_C	6.100e-02	0.56	5.572e-17
11_72364405_C_G	8.400e-02	0.19	6.726e-17
10_114754088_T_C	6.300e-02	0.32	1.009e-16
11_72453738_A_G	6.400e-02	0.67	1.055e-16
11_72399451_A_G	6.900e-02	0.29	1.409e-16
11_72434071_T_G	6.200e-02	0.67	3.151e-16
11_48009074_C_T	-8.100e-02	0.13	9.581e-16
11_72580398_T_C	6.400e-02	0.78	2.005e-15
10_114788815_T_C	6.100e-02	0.28	3.82e-15
11_72557986_A_G	-6.200e-02	0.20	1.44e-14
10_114808902_G_T	5.900e-02	0.28	1.815e-14
11_72571275_T_C	6.200e-02	0.79	2.102e-14
11_72877964_G_A	6.800e-02	0.61	2.662e-14
11_72800970_C_T	6.100e-02	0.79	3.9e-14
11_72424516_C_T	5.900e-02	0.62	4.029e-14
11_72805603_G_A	6.100e-02	0.79	4.099e-14
11_72536272_G_A	5.700e-02	0.37	4.544e-14
11_72700779_C_T	5.300e-02	0.46	4.568e-14
11_72408657_C_T	-5.400e-02	0.41	7.07e-14
5_95728898_C_G	5.800e-02	0.27	7.708e-14
11_72405545_A_C	-5.300e-02	0.42	7.769e-14
11_47186424_C_A	-6.000e-02	0.53	8.899e-14
11_72411082_T_C	-5.300e-02	0.51	9.211e-14
11_72419549_A_T	-5.400e-02	0.41	1.202e-13
5_95727664_A_T	5.800e-02	0.29	1.244e-13
11_47912150_G_A	5.300e-02	0.57	1.318e-13
11_47918416_G_T	5.300e-02	0.57	1.355e-13
11_47907641_A_G	5.400e-02	0.38	1.356e-13
5_95732569_A_T	5.800e-02	0.28	1.362e-13
11_72555300_C_A	-6.100e-02	0.19	1.425e-13
5_95716722_A_G	5.700e-02	0.30	1.439e-13
11_72411099_C_T	-5.300e-02	0.41	1.529e-13
5_95728974_G_C	5.800e-02	0.28	1.65e-13
11_72788823_C_T	6.000e-02	0.81	1.965e-13
11_72638704_C_A	-6.000e-02	0.19	2.058e-13
11_72597438_C_T	-6.000e-02	0.19	2.076e-13
11_72691440_T_C	6.000e-02	0.81	2.141e-13
11_72705522_T_C	6.000e-02	0.81	2.19e-13
11_72651705_G_A	6.000e-02	0.79	2.2e-13
11_72412675_A_G	-5.200e-02	0.51	2.285e-13
11_72415528_G_T	-5.600e-02	0.35	2.621e-13
11_72662812_C_A	5.400e-02	0.37	2.641e-13
11_72405785_A_C	-5.100e-02	0.52	2.722e-13
5_95764690_C_T	5.900e-02	0.27	3.009e-13
5_95720359_T_C	5.600e-02	0.30	3.121e-13
11_72409497_T_A	-5.100e-02	0.52	3.198e-13
11_72409260_C_T	-5.100e-02	0.51	3.285e-13
11_72403595_T_C	-5.200e-02	0.41	3.298e-13
5_95719804_A_G	5.600e-02	0.30	3.361e-13
11_72407770_G_C	-5.100e-02	0.51	3.615e-13
5_95719667_G_C	5.600e-02	0.30	3.704e-13
11_72407269_A_G	-5.100e-02	0.51	3.736e-13
11_72889137_T_C	-6.900e-02	0.36	3.78e-13
11_72407162_G_C	-5.100e-02	0.51	3.797e-13
11_72405868_C_T	-5.100e-02	0.52	3.857e-13
5_95717440_T_C	5.500e-02	0.30	3.89e-13
8_118185733_A_G	-5.700e-02	0.29	4.213e-13
11_72403388_C_T	-5.100e-02	0.52	4.337e-13
5_95762477_A_G	5.800e-02	0.28	4.454e-13
11_72414189_G_A	-5.300e-02	0.44	4.82e-13
5_95751549_A_G	5.700e-02	0.28	4.841e-13
5_95709132_T_C	5.500e-02	0.30	4.939e-13
11_72538600_T_C	-5.900e-02	0.22	5.002e-13
11_72411664_G_A	-5.300e-02	0.44	5.237e-13
5_95695673_C_T	5.500e-02	0.30	5.298e-13
11_72758353_C_T	5.100e-02	0.47	6.157e-13
11_72684898_T_C	5.000e-02	0.47	7.172e-13
11_72417114_T_A	-5.500e-02	0.34	7.848e-13
11_48333360_G_A	-8.200e-02	0.13	8.093e-13
11_72807631_T_A	5.800e-02	0.81	9.636e-13
11_72675665_T_G	6.000e-02	0.82	1.35e-12
11_72680931_A_T	-6.000e-02	0.19	1.376e-12
11_72350595_T_C	-5.400e-02	0.63	1.836e-12
11_72601276_C_T	-5.900e-02	0.17	1.85e-12
11_47910823_T_G	5.100e-02	0.38	2.117e-12
5_95674266_C_T	5.400e-02	0.32	2.939e-12
11_72355223_C_T	-5.400e-02	0.64	3.412e-12
11_72400857_A_T	-5.200e-02	0.54	4.203e-12
11_72400958_G_T	-5.200e-02	0.54	4.21e-12
11_72399607_G_A	-5.100e-02	0.53	5.101e-12
11_72335834_C_T	-5.400e-02	0.66	5.161e-12
11_72359787_C_G	-5.300e-02	0.64	5.692e-12
11_72613273_A_G	5.000e-02	0.38	5.819e-12
11_72337586_C_T	-5.400e-02	0.66	5.874e-12
11_72359204_G_T	-5.300e-02	0.64	5.904e-12
11_72336564_G_A	-5.400e-02	0.66	5.956e-12
11_47298201_C_T	5.200e-02	0.29	6.348e-12
11_47624714_C_A	5.000e-02	0.36	6.787e-12
11_47303275_T_C	5.200e-02	0.30	7.629e-12
11_47856114_A_G	-4.800e-02	0.43	9.524e-12
20_39021330_A_G	-1.500e-01	0.08	9.894e-12
11_72784909_T_C	5.800e-02	0.83	9.922e-12
11_47359706_C_A	5.200e-02	0.28	1.04e-11
11_47658314_C_T	5.000e-02	0.36	1.242e-11
11_72711615_T_C	5.800e-02	0.83	1.389e-11
11_47877800_A_G	-4.700e-02	0.43	1.457e-11
11_47902883_G_A	5.000e-02	0.36	1.462e-11
5_95630225_A_T	5.000e-02	0.34	1.516e-11
11_47817010_T_G	-4.800e-02	0.43	1.586e-11
11_47886639_T_A	-4.700e-02	0.43	1.73e-11
11_47881740_A_G	-4.700e-02	0.43	1.731e-11
11_47889545_C_T	4.700e-02	0.57	1.734e-11
11_47486885_C_T	4.900e-02	0.36	1.779e-11
11_47875910_T_C	-4.700e-02	0.43	1.783e-11
11_47865560_C_T	-4.700e-02	0.43	1.852e-11
11_47865160_G_T	-4.700e-02	0.43	1.865e-11
11_47864842_C_T	-4.700e-02	0.43	1.879e-11
11_47860954_A_C	-4.700e-02	0.43	1.885e-11
11_47851354_C_T	-4.700e-02	0.43	1.929e-11
11_47841862_A_G	4.700e-02	0.57	1.946e-11
11_47837408_G_C	-4.700e-02	0.43	1.968e-11
11_47834346_G_A	-4.700e-02	0.42	2.034e-11
11_47655752_C_T	4.900e-02	0.36	2.043e-11
11_47833398_A_T	4.700e-02	0.57	2.053e-11
11_47831332_A_G	4.700e-02	0.57	2.08e-11
11_47826090_A_C,G	-4.700e-02	0.43	2.118e-11
11_47814280_A_G	-4.700e-02	0.43	2.159e-11
11_47805856_G_A	-4.700e-02	0.43	2.223e-11
11_47801101_A_G	-4.700e-02	0.43	2.267e-11
5_95630705_C_G	5.000e-02	0.34	2.276e-11
11_47794802_C_T	-4.700e-02	0.43	2.323e-11
11_47789776_C_T	-4.700e-02	0.43	2.343e-11
11_47785347_T_C	-4.700e-02	0.44	2.409e-11
11_47640429_G_C	4.900e-02	0.36	2.423e-11
11_47785285_G_C	-4.700e-02	0.43	2.431e-11
11_47687147_A_G	4.900e-02	0.36	2.434e-11
11_47643891_T_A	4.900e-02	0.36	2.449e-11
11_47781460_G_T	-4.700e-02	0.43	2.464e-11
11_47539697_T_C	4.900e-02	0.36	2.493e-11
11_47868853_C_G	4.900e-02	0.36	2.51e-11
11_47776283_C_T	-4.700e-02	0.43	2.517e-11
11_47771476_T_C	-4.700e-02	0.43	2.547e-11
11_47877493_C_T	4.900e-02	0.36	2.553e-11
11_47763509_A_G	-4.700e-02	0.43	2.573e-11
10_114762237_G_A	4.700e-02	0.47	2.597e-11
11_47756568_C_T	-4.700e-02	0.43	2.634e-11
11_47753370_C_T	4.700e-02	0.57	2.664e-11
10_114768609_A_G	4.700e-02	0.47	2.73e-11
10_114768783_G_A	4.700e-02	0.47	2.734e-11
11_47807774_T_C	4.900e-02	0.36	2.75e-11
11_47805614_C_A	4.900e-02	0.32	2.807e-11
11_47799775_C_G	4.900e-02	0.36	2.864e-11
11_47857253_T_C,G	-4.700e-02	0.43	2.868e-11
11_47716324_G_C	4.900e-02	0.36	2.981e-11
11_47648042_G_A	4.900e-02	0.36	3.016e-11
11_47781306_A_G	4.800e-02	0.35	3.115e-11
11_47752775_A_G	4.800e-02	0.36	3.177e-11
11_72337036_A_C	-5.200e-02	0.65	3.185e-11
11_72337079_T_A	-5.200e-02	0.66	3.197e-11
11_47763016_T_C	4.800e-02	0.36	3.248e-11
10_114773927_A_G	4.700e-02	0.48	3.342e-11
11_72388934_T_C	-5.000e-02	0.51	3.363e-11
11_47786414_A_G	-4.700e-02	0.43	3.373e-11
11_47663049_A_G	4.900e-02	0.36	3.489e-11
11_47729770_C_T	-4.600e-02	0.43	3.709e-11
15_62383155_T_C	-4.800e-02	0.44	3.805e-11
15_62391608_C_T	-4.700e-02	0.43	3.905e-11
11_47481533_T_C	-4.700e-02	0.43	3.974e-11
11_47723938_A_G	4.600e-02	0.56	3.997e-11
15_62394690_C_G	-4.700e-02	0.43	4.066e-11
15_62396189_C_A	-4.600e-02	0.43	4.13e-11
10_114748617_G_A	4.700e-02	0.47	4.169e-11
15_62396389_A_G	-4.600e-02	0.43	4.268e-11
10_114761697_A_C	4.700e-02	0.47	4.348e-11
11_47720509_T_C	-4.600e-02	0.43	4.348e-11
8_118184783_C_T	-6.900e-02	0.29	4.915e-11
8_118185025_G_A	-6.900e-02	0.29	4.984e-11
10_114789077_T_C	4.600e-02	0.46	5.084e-11
11_47689343_C_T	-4.600e-02	0.42	5.177e-11
10_114748497_C_T	4.600e-02	0.47	5.2e-11
11_47706291_A_G	-4.600e-02	0.43	5.982e-11
8_118220270_T_C	-7.400e-02	0.28	6.192e-11
11_72373496_T_G	-4.700e-02	0.54	6.281e-11
11_47720228_A_G	-4.600e-02	0.43	6.547e-11
11_47439444_A_G	4.900e-02	0.34	6.856e-11
11_47558858_G_A	-4.600e-02	0.42	7.046e-11
11_47534964_T_C	-4.600e-02	0.40	7.057e-11
11_47554337_G_A	-4.600e-02	0.43	7.064e-11
11_47607940_C_G	-4.600e-02	0.43	7.203e-11
11_47627302_C_T	-4.600e-02	0.43	7.347e-11
11_47882130_C_A	-4.600e-02	0.43	7.42e-11
11_47684908_T_C	-4.600e-02	0.42	7.475e-11
11_47681370_T_G	-4.600e-02	0.43	7.515e-11
11_47703943_T_C	-4.600e-02	0.43	7.57e-11
5_95737114_T_C	4.900e-02	0.64	7.608e-11
10_114793823_T_A	4.600e-02	0.47	7.683e-11
5_95737362_T_C	4.900e-02	0.64	7.69e-11
11_72390640_A_G	-4.600e-02	0.41	7.811e-11
10_114796048_A_G	4.600e-02	0.46	7.866e-11
11_47694699_C_T	4.600e-02	0.57	8.189e-11
11_47500267_T_C	-4.600e-02	0.43	8.721e-11
15_62394264_G_C	-4.600e-02	0.43	8.724e-11
11_47667167_G_C	-4.600e-02	0.43	8.852e-11
11_72374037_C_T	-4.700e-02	0.52	9.249e-11
10_114801525_G_A	4.500e-02	0.47	9.748e-11
11_72784673_A_G	4.500e-02	0.49	9.923e-11
10_114801938_C_G	4.500e-02	0.47	1.005e-10
11_47705015_C_A	4.600e-02	0.57	1.031e-10
10_114811316_T_C	4.500e-02	0.47	1.042e-10
11_47704200_T_G	-4.600e-02	0.43	1.108e-10
11_72368986_T_G	-4.700e-02	0.52	1.128e-10
11_47669289_C_A	-4.500e-02	0.43	1.161e-10
11_47372377_G_C	4.900e-02	0.31	1.172e-10
11_72760165_T_C	4.500e-02	0.49	1.183e-10
10_114777670_C_T	4.500e-02	0.47	1.207e-10
11_47701528_C_A	4.500e-02	0.57	1.219e-10
11_72375142_T_C	-4.600e-02	0.52	1.246e-10
11_47650993_C_T	4.600e-02	0.42	1.249e-10
11_47882341_G_A	-4.600e-02	0.43	1.258e-10
10_114777724_A_G	4.500e-02	0.48	1.269e-10
15_62396942_G_A	-4.600e-02	0.43	1.285e-10
5_95725613_C_T	4.800e-02	0.65	1.345e-10
11_72380252_T_C	-4.600e-02	0.52	1.359e-10
10_114787012_T_C	4.500e-02	0.48	1.435e-10
11_47376448_G_A	-4.900e-02	0.68	1.439e-10
5_95715456_T_C	4.800e-02	0.65	1.474e-10
11_47672743_C_T	-4.500e-02	0.43	1.511e-10
11_47365199_G_A	4.900e-02	0.29	1.52e-10
11_72748384_A_G	4.700e-02	0.40	1.68e-10
11_47305660_G_C	7.500e-02	0.11	1.765e-10
10_114781297_A_C	4.500e-02	0.48	1.769e-10
11_47243665_G_C	4.800e-02	0.32	1.882e-10
10_114807047_G_C	4.500e-02	0.47	1.953e-10
5_95684541_C_T	4.700e-02	0.66	2.086e-10
11_47411581_G_A	-4.700e-02	0.67	2.116e-10
11_47411065_A_T	-4.700e-02	0.67	2.133e-10
11_47410951_T_C	-4.700e-02	0.67	2.144e-10
11_47410393_G_A	4.700e-02	0.33	2.163e-10
10_114810240_T_C	4.400e-02	0.47	2.166e-10
10_114813047_C_T	4.500e-02	0.47	2.174e-10
10_114812071_T_C	4.500e-02	0.47	2.183e-10
11_47320772_T_C	7.400e-02	0.11	2.21e-10
11_47320985_C_T	7.400e-02	0.11	2.217e-10
11_47321509_T_C	7.400e-02	0.11	2.225e-10
11_47457539_A_G	4.800e-02	0.32	2.229e-10
11_47410200_C_T	-4.700e-02	0.67	2.26e-10
11_47413733_A_G	4.800e-02	0.32	2.311e-10
11_47454972_C_G	4.700e-02	0.33	2.375e-10
11_47443080_T_C	4.700e-02	0.33	2.411e-10
11_47442893_T_A	-4.700e-02	0.67	2.426e-10
11_72364629_T_G	-4.600e-02	0.51	2.432e-10
11_47566352_T_C	4.500e-02	0.42	2.479e-10
10_114808072_T_C	4.400e-02	0.47	2.497e-10
11_47529947_C_A	4.500e-02	0.42	2.503e-10
11_47440283_T_A	-4.700e-02	0.67	2.599e-10
11_47439938_A_G	-4.700e-02	0.66	2.636e-10
11_47401171_A_C	4.700e-02	0.32	2.722e-10
11_47428565_C_T	4.700e-02	0.33	2.791e-10
5_95741801_G_A	4.800e-02	0.65	2.845e-10
11_47437202_C_T	-4.700e-02	0.66	2.846e-10
11_47432303_G_A	-4.700e-02	0.67	2.872e-10
11_47437403_C_T	4.700e-02	0.32	2.879e-10
11_47432034_G_C	-4.700e-02	0.67	2.975e-10
11_72344541_G_C	-4.500e-02	0.50	3.028e-10
11_72832677_A_G	4.400e-02	0.49	3.208e-10
11_72382816_G_A	-4.600e-02	0.52	3.286e-10
11_47441472_T_A	-4.800e-02	0.69	3.416e-10
11_47395240_G_A	-4.700e-02	0.67	4.203e-10
11_47393638_T_C	-4.700e-02	0.67	4.213e-10
11_47383275_T_C	-4.700e-02	0.68	4.369e-10
11_47253137_C_T	7.800e-02	0.09	4.429e-10
11_47394338_T_C	-4.600e-02	0.67	4.452e-10
11_47312045_C_G	7.300e-02	0.11	4.574e-10
5_95613007_G_A	4.600e-02	0.66	4.83e-10
11_47386073_T_C	-4.600e-02	0.68	5.245e-10
11_46947366_A_G	-6.000e-02	0.21	6.034e-10
11_47391039_C_T	-4.600e-02	0.67	6.055e-10
5_95689823_G_A	4.600e-02	0.65	6.426e-10
11_47393303_A_T	4.600e-02	0.33	6.428e-10
11_72370899_C_T	-4.500e-02	0.52	7.851e-10
5_95750396_T_C	4.600e-02	0.64	8.421e-10
5_95745802_T_C	4.600e-02	0.65	8.734e-10
5_95747363_A_T	4.600e-02	0.64	9.446e-10
5_95593462_A_C	4.600e-02	0.66	9.468e-10
11_47385923_G_A	-4.700e-02	0.68	9.751e-10
11_47345916_T_C,TGTCC	6.400e-02	0.14	9.928e-10
11_47351760_G_A	6.400e-02	0.15	1.002e-09
11_72860038_G_T	5.600e-02	0.81	1.008e-09
11_72885122_T_C	-5.500e-02	0.64	1.078e-09
11_72710761_T_C	4.300e-02	0.40	1.56e-09
11_72741398_T_A	4.300e-02	0.40	1.564e-09
11_72676874_T_G	4.400e-02	0.41	1.633e-09
11_46966808_G_A	-5.700e-02	0.18	1.643e-09
11_72341342_G_A	-4.900e-02	0.27	1.648e-09
11_47278938_T_C	6.300e-02	0.15	1.67e-09
11_47280653_G_A	6.300e-02	0.15	1.732e-09
11_47270775_C_T	6.300e-02	0.15	1.777e-09
5_95754483_C_A	-4.500e-02	0.36	2.06e-09
5_95762046_G_A	-4.500e-02	0.36	2.508e-09
5_95760988_T_C	-4.500e-02	0.36	2.559e-09
5_95568122_A_G	4.400e-02	0.66	2.922e-09
5_95554016_A_G	4.400e-02	0.66	3.354e-09
5_95542527_T_G	4.400e-02	0.67	3.617e-09
5_95552596_C_T	4.400e-02	0.66	4.028e-09
5_95686063_A_G	4.400e-02	0.63	4.423e-09
11_47127153_A_G	6.600e-02	0.14	4.526e-09
5_95542726_C_A	4.400e-02	0.34	4.842e-09
5_95539448_C_T	-4.400e-02	0.66	4.896e-09
11_47202946_C_A	-5.100e-02	0.24	5.118e-09
11_46743141_C_A	-3.100e-01	0.0013	5.486e-09
11_47175327_G_A	-5.000e-02	0.24	6.486e-09
11_47185680_G_A	-5.000e-02	0.24	6.515e-09
11_47184756_G_A	-5.000e-02	0.24	6.629e-09
11_72363759_G_A	-4.200e-02	0.47	8.211e-09
15_62415736_G_A	-4.200e-02	0.55	8.973e-09
15_62415429_T_C	-4.200e-02	0.55	8.975e-09
15_62415728_T_A	-4.200e-02	0.55	8.991e-09
15_62417134_A_T	4.200e-02	0.45	9.15e-09
15_62414014_C_T	-4.200e-02	0.56	9.286e-09
5_95759423_C_T	-4.300e-02	0.36	9.287e-09
15_62413696_G_A	-4.200e-02	0.55	9.312e-09
5_95539536_C_T	-4.300e-02	0.66	1.138e-08
11_46998947_T_A	-4.900e-02	0.23	1.259e-08
11_72567167_A_C	-6.900e-02	0.08	1.339e-08
17_2262703_C_T	4.000e-02	0.44	2.156e-08
17_2270284_G_A	4.100e-02	0.37	2.206e-08
17_2268311_G_A	4.000e-02	0.44	2.436e-08
11_47071513_C_T	7.300e-02	0.09	2.919e-08
17_2272024_T_C	-4.000e-02	0.55	3.203e-08
10_114736614_T_C	5.200e-02	0.31	3.478e-08
11_47369443_G_A	5.900e-02	0.13	3.961e-08
17_2269769_C_T	3.900e-02	0.42	4.081e-08
11_47366095_G_T	5.900e-02	0.14	4.223e-08
11_47234718_C_T	-4.200e-02	0.65	4.326e-08
11_47232184_T_C	-4.200e-02	0.65	4.441e-08
11_47226488_A_G	-4.200e-02	0.65	4.668e-08
15_62399564_C_T	-4.300e-02	0.27	4.786e-08
20_40061008_G_A	-1.000e-01	0.20	5.183e-08
11_47225996_T_C	7.000e-02	0.09	5.483e-08
11_47201924_G_A	4.100e-02	0.35	5.507e-08
11_47370041_T_C	5.900e-02	0.14	5.689e-08
17_2237461_T_C	4.700e-02	0.70	6.391e-08
17_2266799_G_A,C	3.900e-02	0.44	6.998e-08
10_114734096_A_G	5.200e-02	0.31	7.119e-08
15_71109147_C_T	4.000e-02	0.61	7.98e-08
15_71110305_T_C	4.000e-02	0.61	8.103e-08
15_71110968_T_C	4.000e-02	0.61	8.189e-08
17_2257993_C_T	4.000e-02	0.44	8.258e-08
15_71111654_A_G	4.000e-02	0.61	8.283e-08
15_71112520_C_T	4.000e-02	0.61	8.342e-08
15_71116300_C_G	4.000e-02	0.61	8.757e-08
15_71116324_A_G	4.000e-02	0.61	9.161e-08
11_46393757_C_T	-6.000e-02	0.14	1.117e-07
11_47057009_T_A	-4.000e-02	0.67	1.21e-07
11_47081732_C_T	-4.000e-02	0.67	1.218e-07
11_47072805_G_T	-4.000e-02	0.67	1.22e-07
11_47084061_G_C	-4.000e-02	0.67	1.222e-07
11_47091571_C_T	-4.000e-02	0.67	1.229e-07
11_47100796_G_T	-4.000e-02	0.67	1.237e-07
11_47217688_A_C	-4.000e-02	0.65	1.269e-07
5_95730461_C_T	-4.400e-02	0.28	1.277e-07
5_95728440_A_G	-4.300e-02	0.28	1.286e-07
5_95732768_A_T	-4.400e-02	0.28	1.289e-07
17_2255138_A_C	3.800e-02	0.40	1.291e-07
11_47193566_G_A	4.000e-02	0.34	1.443e-07
5_95678301_C_T	-4.300e-02	0.28	1.523e-07
11_47089690_C_T	6.700e-02	0.09	1.546e-07
11_47094546_G_A	6.700e-02	0.09	1.546e-07
11_47082464_C_T	6.700e-02	0.09	1.551e-07
11_47082255_G_T	6.700e-02	0.09	1.555e-07
11_72894273_C_T	-6.400e-02	0.16	1.585e-07
11_47077032_A_G	6.700e-02	0.09	1.585e-07
5_95648728_C_T	-4.400e-02	0.27	1.642e-07
11_47109514_G_C	4.000e-02	0.33	1.714e-07
11_47125632_T_G	-4.000e-02	0.67	1.757e-07
11_46711778_A_C	-5.200e-02	0.82	1.789e-07
11_47127706_G_A	6.700e-02	0.09	1.826e-07
11_47127549_G_T	6.700e-02	0.09	1.831e-07
11_47041163_A_C	-4.000e-02	0.67	1.97e-07
11_72720199_T_G	3.800e-02	0.41	2.229e-07
11_46897253_G_C,T	-3.900e-02	0.66	2.278e-07
15_62404382_C_T	-4.100e-02	0.27	2.311e-07
11_47169555_G_A	6.600e-02	0.09	2.484e-07
15_62404480_C_T	-4.100e-02	0.27	2.591e-07
11_47131881_A_G	3.900e-02	0.33	2.73e-07
11_47141670_C_G	3.900e-02	0.33	2.736e-07
11_47151897_G_A	6.500e-02	0.09	2.818e-07
11_47145072_G_A	-3.900e-02	0.67	2.886e-07
5_95742313_C_A	-4.300e-02	0.26	2.939e-07
11_46916693_C_T	6.500e-02	0.10	2.941e-07
11_47160623_C_T	-3.900e-02	0.67	3.024e-07
5_95704305_G_T	-4.200e-02	0.28	3.027e-07
11_47152273_G_A	-3.900e-02	0.67	3.259e-07
11_72334873_T_C	-3.700e-02	0.49	3.323e-07
11_72335500_G_A	-3.700e-02	0.46	3.394e-07
11_46905318_A_T	6.500e-02	0.10	3.51e-07
11_46842045_C_T	-3.900e-02	0.66	3.695e-07
11_47157677_T_A	3.800e-02	0.33	3.869e-07
11_46691737_A_G	-4.400e-02	0.72	3.909e-07
5_95744744_G_A	-4.300e-02	0.26	4.037e-07
5_95613023_A_C	4.200e-02	0.73	4.141e-07
11_47165106_G_A	-3.800e-02	0.67	4.158e-07
11_47174296_C_T	3.800e-02	0.33	4.218e-07
11_47179829_A_G	-3.800e-02	0.67	4.369e-07
11_47476377_A_C	5.300e-02	0.14	4.505e-07
11_47169376_T_C	3.800e-02	0.33	4.519e-07
11_46798631_A_G	-3.800e-02	0.66	4.648e-07
11_47174361_C_T	3.800e-02	0.33	4.855e-07
1_214962771_T_C	-9.200e-02	0.47	4.987e-07
11_47132724_A_T	-3.800e-02	0.67	5.267e-07
5_95591317_T_C	-4.200e-02	0.27	5.443e-07
11_46224126_G_C	-4.200e-02	0.32	5.519e-07
15_71115220_C_T	3.600e-02	0.52	5.877e-07
15_71136938_C_T	3.500e-02	0.58	5.974e-07
5_95628369_T_G	-4.000e-02	0.30	6.39e-07
11_47176005_C_T	3.800e-02	0.33	6.498e-07
11_46695414_T_C	4.400e-02	0.28	6.814e-07
17_2278609_C_T	4.000e-02	0.60	6.933e-07
11_46646030_A_C	4.700e-02	0.17	6.981e-07
5_95742732_C_G	-4.300e-02	0.26	7.137e-07
11_46644143_T_G	4.700e-02	0.17	7.598e-07
15_71121094_G_A	3.500e-02	0.58	7.611e-07
11_46640503_A_G	4.700e-02	0.17	7.873e-07
11_47975794_C_G	-4.400e-02	0.21	7.884e-07
11_46622392_C_T	4.700e-02	0.17	7.906e-07
11_46585781_A_G	4.600e-02	0.17	7.935e-07
15_71120492_T_C	3.500e-02	0.58	7.946e-07
11_46596674_C_T	4.600e-02	0.17	8.026e-07
11_46582072_A_C	4.600e-02	0.17	8.031e-07
15_71115684_C_T	3.600e-02	0.52	8.064e-07
11_46578400_A_G	4.600e-02	0.17	8.175e-07
11_46898771_T_C	-3.700e-02	0.66	8.436e-07
5_95615651_T_G	3.900e-02	0.69	8.569e-07
11_46847279_A_G	5.900e-02	0.11	8.863e-07
11_46820788_G_A	5.900e-02	0.11	8.948e-07
11_46560680_C_T	4.600e-02	0.17	8.982e-07
17_2255351_C_T	3.600e-02	0.46	9.044e-07
11_46823681_T_C	5.900e-02	0.10	9.174e-07
6_12850294_C_T	7.400e-02	0.49	9.314e-07
11_46711854_A_G	4.700e-02	0.16	9.373e-07
11_46254003_T_C	-4.200e-02	0.32	9.811e-07
5_95649772_C_G	-3.800e-02	0.31	9.896e-07
11_46276072_A_G	5.100e-02	0.15	9.977e-07
11_47132760_A_C	6.200e-02	0.09	1.011e-06
11_46673344_C_T	4.600e-02	0.17	1.034e-06
5_95572369_C_T	-4.000e-02	0.27	1.066e-06
11_46536442_G_A	4.600e-02	0.17	1.098e-06
5_95626870_C_T	-3.800e-02	0.31	1.171e-06
5_95576642_A_G	-4.000e-02	0.27	1.173e-06
5_95555000_A_G	-4.000e-02	0.27	1.179e-06
17_2115271_C_T	-4.600e-02	0.18	1.213e-06
5_95622637_A_C	3.800e-02	0.69	1.216e-06
2_10240175_G_A	-4.700e-02	0.16	1.257e-06
11_46524013_T_C	4.500e-02	0.17	1.266e-06
11_46308549_C_T	4.100e-02	0.26	1.284e-06
9_134458378_T_C	3.400e-02	0.60	1.342e-06
9_135470176_C_G	-4.000e-02	0.78	1.406e-06
11_46241968_G_A	-4.100e-02	0.32	1.432e-06
11_46515902_A_G	4.500e-02	0.17	1.48e-06
8_116695112_G_A	4.100e-02	0.22	1.487e-06
11_47529037_G_A	4.900e-02	0.15	1.495e-06
8_116697876_A_G	-4.100e-02	0.78	1.497e-06
11_46203758_C_G	-3.800e-02	0.32	1.526e-06
11_46499874_C_T	4.500e-02	0.17	1.534e-06
8_116697852_T_A	-4.000e-02	0.78	1.541e-06
11_46216409_G_A	-3.800e-02	0.32	1.544e-06
8_116701130_T_C	-4.000e-02	0.78	1.549e-06
11_46491159_G_A	4.500e-02	0.17	1.574e-06
11_46484685_G_A	4.500e-02	0.17	1.585e-06
9_135470414_T_C	-4.000e-02	0.78	1.595e-06
11_46484254_C_T	4.500e-02	0.17	1.61e-06
11_46728952_G_C	4.600e-02	0.16	1.628e-06
11_46470827_C_T	4.500e-02	0.17	1.639e-06
11_47565103_G_T	4.900e-02	0.15	1.642e-06
5_95554891_C_T	3.900e-02	0.73	1.644e-06
5_95616462_A_C	3.800e-02	0.69	1.647e-06
8_116699039_C_T	4.000e-02	0.22	1.655e-06
11_46460038_C_T	4.500e-02	0.17	1.66e-06
11_46469900_G_A	4.500e-02	0.17	1.66e-06
11_46197588_T_C	-3.800e-02	0.32	1.672e-06
11_46702691_G_A	4.900e-02	0.16	1.675e-06
11_46467092_C_G	4.500e-02	0.17	1.688e-06
11_46466828_A_C	4.500e-02	0.17	1.717e-06
11_46190981_A_G	-3.800e-02	0.31	1.76e-06
5_95553781_G_T	3.900e-02	0.73	1.843e-06
11_46396479_T_C	4.500e-02	0.17	1.938e-06
11_47322986_A_G	6.600e-02	0.15	1.992e-06
5_95768847_A_G	5.200e-02	0.18	2.025e-06
15_62401482_C_T	-4.200e-02	0.21	2.035e-06
5_95661737_A_C	-3.700e-02	0.31	2.13e-06
11_46561301_C_T	4.400e-02	0.17	2.16e-06
11_46194445_C_T	-3.800e-02	0.32	2.164e-06
17_2114627_C_T	1.100e-01	0.02	2.334e-06
11_46515004_C_G	4.400e-02	0.17	2.353e-06
11_47496827_C_T	4.800e-02	0.15	2.401e-06
15_71148408_A_G	3.400e-02	0.58	2.421e-06
11_46399538_T_C	4.400e-02	0.17	2.447e-06
15_62396198_C_T	-4.800e-02	0.22	2.455e-06
15_71144988_G_A	3.400e-02	0.59	2.483e-06
11_46393958_T_C	4.400e-02	0.17	2.505e-06
5_95659056_G_A	-3.700e-02	0.31	2.517e-06
11_46456344_C_T	4.400e-02	0.17	2.54e-06
11_46446264_C_A	-4.400e-02	0.83	2.626e-06
17_2200434_A_C	3.900e-02	0.74	2.707e-06
11_46370767_A_G	4.400e-02	0.18	2.755e-06
11_46442526_C_T	4.400e-02	0.17	2.832e-06
1_205908186_A_C	3.300e-02	0.52	2.832e-06
11_46237731_T_G	-3.900e-02	0.39	2.956e-06
5_24102044_C_T	7.400e-02	0.05	3.042e-06
11_46422686_C_A	4.500e-02	0.17	3.055e-06
11_47976882_A_G	-4.900e-02	0.12	3.178e-06
17_2185827_T_A	-3.800e-02	0.25	3.313e-06
17_2174270_T_G	3.800e-02	0.75	3.456e-06
15_71125093_G_A	3.400e-02	0.59	3.853e-06
15_71125204_A_G	3.400e-02	0.59	3.884e-06
15_62407043_G_C	-4.000e-02	0.22	3.934e-06
15_71123255_G_A	3.300e-02	0.49	3.986e-06
15_62382775_G_A	-4.200e-02	0.23	4.001e-06
11_46218585_G_A	-3.900e-02	0.32	4.021e-06
15_62408242_C_G	-4.000e-02	0.22	4.106e-06
21_44722695_T_C	9.000e-02	0.81	4.109e-06
15_62382883_T_G	-4.200e-02	0.22	4.114e-06
8_116704980_C_T	-3.800e-02	0.75	4.114e-06
5_24077186_A_G	7.100e-02	0.05	4.24e-06
5_24068469_T_C	7.100e-02	0.05	4.275e-06
11_47246397_G_A	-3.600e-02	0.69	4.335e-06
11_47380593_G_A	-3.400e-02	0.57	4.513e-06
15_71096541_G_A	3.400e-02	0.52	4.544e-06
11_47251199_G_A	-3.600e-02	0.70	4.624e-06
2_43413114_T_C	8.300e-02	0.73	4.66e-06
17_2165714_C_T	3.700e-02	0.73	4.979e-06
5_95470989_A_G	3.500e-02	0.30	5.008e-06
8_118185063_C_G	-4.000e-02	0.47	5.137e-06
6_118621456_G_A	3.300e-02	0.58	5.183e-06
1_99177253_G_A	-3.300e-02	0.38	5.285e-06
11_47278917_C_T	3.600e-02	0.30	5.294e-06
8_116709020_C_T	-3.800e-02	0.77	5.297e-06
11_47259668_T_C	-3.600e-02	0.69	5.334e-06
5_24084958_A_T	7.100e-02	0.05	5.42e-06
4_96936995_T_G	-6.200e-02	0.58	5.434e-06
9_134591644_T_G	3.200e-02	0.58	5.462e-06
1_31988653_C_T	7.000e-02	0.49	5.551e-06
1_99180910_T_C	3.300e-02	0.61	5.605e-06
15_62433512_G_C	-4.100e-02	0.26	5.634e-06
11_47270255_C_T	3.600e-02	0.31	5.756e-06
1_99184798_G_A	-3.300e-02	0.38	5.811e-06
15_62405255_G_A	-4.000e-02	0.22	5.816e-06
15_62227286_T_A	-3.300e-02	0.54	5.884e-06
11_47286290_T_C	3.500e-02	0.30	5.919e-06
11_72272234_C_A	4.900e-02	0.22	5.945e-06
17_2249904_C_T	3.400e-02	0.62	6.002e-06
11_47260272_T_C	3.500e-02	0.31	6.077e-06
5_24085863_A_T	7.000e-02	0.05	6.459e-06
15_71122257_G_A	3.200e-02	0.49	6.608e-06
11_47260319_A_G	3.500e-02	0.31	6.701e-06
15_71130692_G_A	3.200e-02	0.54	6.731e-06
5_95667674_C_T	-3.600e-02	0.31	6.838e-06
15_62233439_C_T	-3.200e-02	0.54	6.89e-06
8_31879456_A_G	9.900e-02	0.98	7.009e-06
15_62290487_C_T	-3.200e-02	0.56	7.11e-06
8_118234147_A_G	-4.000e-02	0.45	7.165e-06
15_62411514_A_G	-4.000e-02	0.20	7.21e-06
15_62306455_A_G	-3.200e-02	0.58	7.312e-06
15_62343544_G_A	-3.200e-02	0.56	7.412e-06
15_62345083_G_A	-3.200e-02	0.57	7.42e-06
15_62344011_A_G	-3.200e-02	0.56	7.424e-06
8_116670347_C_T	3.600e-02	0.25	7.61e-06
15_62238231_G_A	3.200e-02	0.42	7.664e-06
1_99201371_C_T	-3.200e-02	0.38	7.719e-06
15_62238348_C_T	3.200e-02	0.43	7.721e-06
1_99199954_A_G	3.200e-02	0.61	7.758e-06
15_62301094_G_A	-3.200e-02	0.56	7.77e-06
11_47275064_G_A	3.600e-02	0.27	7.89e-06
15_62349517_T_A	-3.200e-02	0.57	7.937e-06
5_24059579_A_G	6.500e-02	0.06	8.2e-06
15_62255172_A_G	3.200e-02	0.46	8.302e-06
11_46551918_C_T	4.400e-02	0.17	8.789e-06
1_99186573_C_A	3.200e-02	0.61	8.797e-06
15_62420805_G_C	3.800e-02	0.75	8.87e-06
1_99200198_G_A	-3.200e-02	0.38	9.017e-06
15_62315474_G_A	-3.200e-02	0.54	9.154e-06
1_99191469_C_T	3.200e-02	0.61	9.229e-06
1_99190681_T_G	3.200e-02	0.61	9.275e-06
1_99186960_G_A	3.200e-02	0.61	9.299e-06
1_99186639_A_G	3.200e-02	0.61	9.316e-06
15_62246161_T_C	3.200e-02	0.45	9.644e-06
1_99196743_A_G	3.200e-02	0.60	9.684e-06
15_62424649_C_T	-3.800e-02	0.25	9.777e-06
2_216409359_G_A	-4.300e-02	0.21	9.793e-06
5_24093118_A_G	6.900e-02	0.05	9.841e-06
15_62339897_C_A	-3.200e-02	0.56	9.876e-06
5_24092092_G_C	6.900e-02	0.05	9.899e-06
5_24095691_T_C	6.900e-02	0.05	9.905e-06
5_24093837_G_A	6.900e-02	0.05	9.929e-06
15_71160364_T_C	3.200e-02	0.61	9.942e-06
15_62244281_C_G	3.200e-02	0.45	9.945e-06
8_116709834_A_G	-3.700e-02	0.78	1.003e-05
15_62223273_C_T	-3.200e-02	0.53	1.01e-05
15_62313373_G_A	-3.200e-02	0.56	1.025e-05
17_2108853_C_T	-4.100e-02	0.18	1.031e-05
15_71165088_A_G	3.100e-02	0.61	1.04e-05
8_116648565_A_C	3.400e-02	0.28	1.043e-05
15_62266250_C_T	-3.200e-02	0.56	1.053e-05
8_116663898_G_A	3.500e-02	0.26	1.058e-05
15_62239801_A_C	3.200e-02	0.45	1.061e-05
15_62264222_G_A	-3.200e-02	0.56	1.064e-05
15_62202638_T_C	-3.100e-02	0.56	1.068e-05
5_24104779_G_A	6.900e-02	0.05	1.068e-05
11_72267280_C_A	4.100e-02	0.47	1.075e-05
5_24106799_G_A	6.900e-02	0.10	1.076e-05
5_24108374_C_T	6.900e-02	0.10	1.082e-05
11_47298360_G_A	-3.400e-02	0.69	1.085e-05
5_24108796_G_T	6.900e-02	0.10	1.098e-05
15_62280917_C_G	-3.100e-02	0.58	1.098e-05
6_118627503_T_C	3.200e-02	0.58	1.098e-05
11_47348702_T_C	3.400e-02	0.32	1.103e-05
9_8685578_C_A	2.900e-01	0.01	1.112e-05
17_1992567_G_A	1.000e-01	0.02	1.123e-05
11_46334239_G_A	6.700e-02	0.07	1.129e-05
15_62280687_G_T	-3.100e-02	0.56	1.132e-05
15_62207619_T_C	3.100e-02	0.43	1.133e-05
15_62223749_C_A	-3.200e-02	0.52	1.134e-05
15_62270765_G_A	3.300e-02	0.36	1.138e-05
15_71166029_G_T	3.100e-02	0.61	1.145e-05
11_47354787_C_T	3.400e-02	0.32	1.148e-05
11_47345100_T_C	3.400e-02	0.31	1.153e-05
15_71170003_G_A	3.100e-02	0.61	1.162e-05
6_118628476_C_G	3.100e-02	0.58	1.165e-05
1_99144486_A_T	-3.200e-02	0.39	1.166e-05
15_62228696_G_C	3.200e-02	0.46	1.167e-05
11_47305669_T_G	3.400e-02	0.31	1.176e-05
11_47333685_C_A	3.400e-02	0.31	1.181e-05
11_47327217_G_A	3.400e-02	0.31	1.192e-05
15_71053809_G_C	4.300e-02	0.70	1.207e-05
8_118229762_C_T	-3.900e-02	0.44	1.22e-05
8_118230236_C_T	-3.900e-02	0.44	1.226e-05
15_62362839_A_G	-3.100e-02	0.54	1.228e-05
11_47316691_A_C	3.400e-02	0.31	1.234e-05
15_62221468_G_A	3.100e-02	0.45	1.234e-05
6_118635122_G_C	3.100e-02	0.58	1.235e-05
8_116650219_A_G	3.400e-02	0.29	1.251e-05
8_118232629_A_G	-3.900e-02	0.45	1.253e-05
8_118231642_G_C	-3.900e-02	0.44	1.264e-05
15_62364692_A_G	-3.100e-02	0.54	1.266e-05
6_118629865_G_T	3.100e-02	0.58	1.3e-05
9_8675968_C_G	2.900e-01	0.01	1.302e-05
15_62202482_C_T	-3.100e-02	0.56	1.307e-05
9_8683334_T_G	2.900e-01	0.01	1.334e-05
11_47315274_T_A	3.400e-02	0.31	1.34e-05
1_205358741_T_C	3.600e-02	0.24	1.35e-05
1_218118511_C_A	3.300e-02	0.67	1.351e-05
19_56375183_C_T	3.600e-01	0.04	1.361e-05
4_78137036_G_A	7.200e-02	0.05	1.362e-05
15_71152411_C_T	3.100e-02	0.61	1.364e-05
15_71164936_A_G	3.100e-02	0.61	1.384e-05
6_118633623_C_T	3.100e-02	0.58	1.385e-05
6_118632335_A_C	3.100e-02	0.58	1.388e-05
6_118631934_A_G	3.100e-02	0.58	1.389e-05
6_118631282_G_A	3.100e-02	0.58	1.395e-05
15_62366721_C_T	-3.100e-02	0.55	1.4e-05
9_8675366_G_A	2.900e-01	0.01	1.406e-05
11_46513249_C_T	4.200e-02	0.17	1.407e-05
8_116658583_G_T	3.500e-02	0.26	1.409e-05
8_116715389_C_T	-3.600e-02	0.77	1.434e-05
11_47294626_T_C	3.300e-02	0.31	1.523e-05
15_71160336_C_G	3.100e-02	0.61	1.526e-05
11_47293457_C_T	7.900e-02	0.05	1.531e-05
15_71159425_G_C	3.100e-02	0.61	1.534e-05
6_133079481_C_T	3.100e-02	0.42	1.539e-05
15_71160019_C_T	3.100e-02	0.61	1.565e-05
11_46520302_T_C	5.800e-02	0.08	1.57e-05
8_116659578_G_C	3.500e-02	0.26	1.57e-05
8_118222398_G_A	-3.700e-02	0.60	1.615e-05
8_118221096_G_C	-3.700e-02	0.60	1.665e-05
2_77206366_G_A	-4.900e-02	0.18	1.667e-05
11_47396654_G_A	3.400e-02	0.29	1.674e-05
11_46206877_C_A	-3.400e-02	0.32	1.698e-05
11_47290984_T_G	3.300e-02	0.31	1.736e-05
15_62153856_C_T	-3.000e-02	0.56	1.737e-05
15_62151079_T_C	-3.000e-02	0.56	1.745e-05
15_71156288_T_C	3.000e-02	0.61	1.758e-05
8_118236191_T_C	-3.800e-02	0.44	1.778e-05
1_218125630_G_T	3.200e-02	0.67	1.791e-05
15_62133731_A_T	-3.100e-02	0.57	1.794e-05
1_218122519_G_C	3.200e-02	0.67	1.802e-05
8_118217307_T_C	-3.600e-02	0.60	1.808e-05
15_62197616_G_T	-3.000e-02	0.55	1.824e-05
4_20432425_C_T	3.300e-02	0.73	1.826e-05
11_46281129_G_T	4.500e-02	0.15	1.838e-05
11_46367702_T_C	5.900e-02	0.08	1.839e-05
15_62137557_T_C	-3.100e-02	0.56	1.84e-05
15_62137876_G_C	-3.100e-02	0.56	1.842e-05
15_62184912_G_T	-3.000e-02	0.56	1.847e-05
1_53985443_A_C	4.400e-02	0.38	1.856e-05
15_62181508_T_C	-3.000e-02	0.57	1.858e-05
15_71105098_C_G	-3.800e-02	0.24	1.859e-05
4_78130221_A_C	6.600e-02	0.05	1.862e-05
11_46281835_A_G	3.900e-02	0.25	1.891e-05
15_71158278_T_C	3.000e-02	0.61	1.9e-05
15_71156131_C_T	3.200e-02	0.61	1.954e-05
4_183237683_C_A	-3.300e-02	0.30	1.971e-05
4_78135874_C_T	6.500e-02	0.05	1.979e-05
6_118617037_A_G	3.000e-02	0.53	1.98e-05
15_62143972_G_C	-3.100e-02	0.56	1.985e-05
6_118616247_A_G	3.000e-02	0.53	1.995e-05
15_62433962_A_G	-3.500e-02	0.36	1.997e-05
4_20440323_T_A	3.300e-02	0.73	2.002e-05
8_118190393_A_G	-3.800e-02	0.47	2.003e-05
4_20440476_T_C	3.300e-02	0.73	2.037e-05
15_62135739_A_G	-3.100e-02	0.57	2.053e-05
8_118189531_C_T	-3.600e-02	0.60	2.068e-05
11_46594971_A_C	6.600e-02	0.05	2.071e-05
5_95445319_G_C	3.300e-02	0.30	2.102e-05
4_183241516_A_G	-3.300e-02	0.30	2.112e-05
6_118614943_A_T	3.000e-02	0.53	2.114e-05
1_36875406_G_A	3.900e-02	0.14	2.184e-05
11_72273250_A_G	4.000e-02	0.35	2.229e-05
11_49356806_C_T	7.100e-02	0.08	2.306e-05
6_44360533_G_A	1.000e-01	0.03	2.315e-05
15_62434797_C_G	-3.500e-02	0.36	2.316e-05
1_99115030_G_A	-3.000e-02	0.42	2.335e-05
15_71158850_C_A	3.000e-02	0.61	2.362e-05
8_118185041_C_T	-3.500e-02	0.60	2.39e-05
14_22861635_C_T	7.300e-02	0.08	2.399e-05
4_20377167_T_C	3.300e-02	0.72	2.409e-05
2_9416090_G_A	3.100e-02	0.65	2.492e-05
9_135531170_C_G	-3.400e-02	0.76	2.522e-05
4_20424774_C_G	3.300e-02	0.73	2.556e-05
15_62160758_C_A	-3.000e-02	0.55	2.556e-05
8_116717451_A_C	-3.500e-02	0.77	2.559e-05
15_62164813_A_C	-3.000e-02	0.55	2.584e-05
15_62165127_A_G	-3.000e-02	0.55	2.597e-05
11_47468545_C_T	-3.300e-02	0.70	2.599e-05
17_44002632_A_T	-3.400e-02	0.71	2.602e-05
11_72263910_C_G	4.500e-02	0.22	2.614e-05
2_9416102_G_A	3.100e-02	0.65	2.619e-05
15_62435156_T_C	-3.500e-02	0.37	2.62e-05
15_62167017_G_A	-3.000e-02	0.57	2.626e-05
15_62168292_C_T	-3.000e-02	0.57	2.649e-05
11_46744925_G_C	-3.300e-02	0.70	2.661e-05
15_62169072_A_G	-3.000e-02	0.55	2.667e-05
6_44363230_A_T	1.000e-01	0.03	2.67e-05
15_62437363_T_A	-3.500e-02	0.37	2.672e-05
11_46723603_G_A	-3.300e-02	0.70	2.678e-05
15_62439166_A_G	-3.500e-02	0.37	2.68e-05
9_135467359_T_C	-3.700e-02	0.73	2.695e-05
2_45188353_C_T	3.700e-02	0.16	2.715e-05
5_24020014_C_T	6.200e-02	0.06	2.748e-05
1_96302328_C_T	-4.800e-02	0.92	2.783e-05
5_24087603_G_A	6.500e-02	0.05	2.788e-05
11_46722221_T_C	-3.300e-02	0.70	2.791e-05
11_47360412_T_C	3.200e-02	0.35	2.829e-05
5_95437611_G_A	3.200e-02	0.30	2.842e-05
2_45193173_G_C	3.600e-02	0.17	2.843e-05
8_118236975_A_T	-3.800e-02	0.44	2.857e-05
11_46170469_C_T	-3.600e-02	0.31	2.877e-05
15_71126878_T_C	2.900e-02	0.54	2.935e-05
8_118236971_C_T	-3.800e-02	0.44	2.944e-05
2_9443843_A_G	-3.100e-02	0.35	2.977e-05
15_62145214_T_C	3.100e-02	0.38	2.983e-05
19_4733613_T_C	3.500e-02	0.44	3.064e-05
17_2119818_A_T	-3.000e-02	0.38	3.14e-05
15_62213933_G_A	-3.000e-02	0.51	3.142e-05
1_44075227_T_C	-8.300e-02	0.96	3.146e-05
11_46745861_C_A	6.000e-02	0.07	3.147e-05
4_78155935_T_C	7.100e-02	0.03	3.153e-05
4_183237479_A_C	-3.200e-02	0.30	3.219e-05
11_46742426_G_A	5.900e-02	0.07	3.272e-05
2_9451866_G_A	-3.200e-02	0.35	3.31e-05
15_62162591_C_T	-3.000e-02	0.55	3.325e-05
12_121681536_C_T	3.900e-02	0.74	3.333e-05
8_116648089_G_A	3.500e-02	0.26	3.387e-05
11_47447955_C_G	3.300e-02	0.30	3.524e-05
20_15956742_G_A	-5.000e-02	0.08	3.598e-05
9_74889111_C_G	3.000e-02	0.35	3.627e-05
2_9420428_C_T	3.000e-02	0.65	3.636e-05
2_9419415_C_T	3.000e-02	0.65	3.66e-05
9_135456552_A_G	-3.800e-02	0.40	3.704e-05
19_4735201_G_C	3.500e-02	0.44	3.71e-05
2_9422526_A_C	-3.000e-02	0.35	3.712e-05
20_15957841_T_G	-5.000e-02	0.08	3.776e-05
20_15956844_T_C	-4.900e-02	0.08	3.785e-05
11_47449544_C_T	3.200e-02	0.30	3.834e-05
17_77753485_A_G	8.700e-02	0.09	3.837e-05
11_47450318_A_T	3.200e-02	0.30	3.865e-05
8_135013432_A_C	3.200e-02	0.29	3.971e-05
2_9422788_A_G	3.000e-02	0.65	3.978e-05
5_95661486_C_T	-4.100e-02	0.22	4.066e-05
8_116824700_C_T	-3.500e-02	0.78	4.082e-05
15_62140189_A_C	-2.900e-02	0.52	4.161e-05
15_62141611_G_C	-2.900e-02	0.52	4.178e-05
11_46279815_G_A	4.300e-02	0.15	4.233e-05
11_47456202_G_A	-3.200e-02	0.70	4.235e-05
13_103262879_T_C	-3.700e-02	0.17	4.252e-05
11_48054573_C_T	-4.100e-02	0.12	4.274e-05
11_47456226_T_A	-3.200e-02	0.70	4.29e-05
15_62198564_T_C	-2.900e-02	0.52	4.31e-05
20_15955526_T_C	-4.900e-02	0.08	4.325e-05
9_135522926_A_G	-3.300e-02	0.76	4.341e-05
8_118183551_G_A	-3.700e-02	0.68	4.346e-05
2_216397075_G_C	-3.600e-02	0.21	4.351e-05
8_118183658_C_A	-3.700e-02	0.54	4.377e-05
11_47456763_G_A	-3.200e-02	0.70	4.388e-05
13_103267844_G_A	-3.700e-02	0.17	4.4e-05
13_103266896_A_G	-3.700e-02	0.17	4.421e-05
9_135524764_C_T	-3.300e-02	0.76	4.431e-05
6_129366901_G_C	-3.200e-02	0.28	4.442e-05
20_15957780_G_A	-5.000e-02	0.08	4.443e-05
9_79450930_G_A	3.000e-02	0.33	4.457e-05
9_135521917_C_T	-3.300e-02	0.76	4.464e-05
20_15938421_C_T	-5.600e-02	0.06	4.47e-05
20_15953801_C_T	-4.900e-02	0.08	4.506e-05
1_244934673_C_T	7.600e-02	0.18	4.524e-05
11_47460306_A_G	-3.200e-02	0.70	4.557e-05
2_3794696_C_T	3.400e-02	0.57	4.561e-05
2_9450512_C_G	-3.000e-02	0.35	4.586e-05
9_79451050_T_C	3.000e-02	0.33	4.6e-05
20_15938985_A_C	-5.600e-02	0.06	4.608e-05
2_9424847_C_T	-3.000e-02	0.35	4.613e-05
20_15950190_T_C	-4.900e-02	0.09	4.619e-05
2_9425397_T_A	-3.000e-02	0.35	4.626e-05
13_103265792_T_C	-3.700e-02	0.17	4.672e-05
15_62157151_T_C	-2.900e-02	0.52	4.675e-05
2_9427334_A_G	-3.000e-02	0.35	4.685e-05
9_135519704_A_G	-3.300e-02	0.76	4.711e-05
2_9427347_A_G	-3.000e-02	0.35	4.718e-05
13_103266783_C_T	-3.700e-02	0.17	4.718e-05
8_66197663_G_A	7.000e-02	0.96	4.743e-05
16_8197462_A_G	-8.200e-02	0.48	4.753e-05
13_103263417_C_T	-3.700e-02	0.17	4.757e-05
4_183236727_T_C	-3.200e-02	0.30	4.773e-05
2_9433929_G_A	-3.000e-02	0.35	4.778e-05
8_118202372_C_T	-4.000e-02	0.82	4.787e-05
13_103263233_G_A	-3.700e-02	0.17	4.824e-05
17_77748961_T_G	8.000e-02	0.11	4.857e-05
15_62373096_T_C	-2.900e-02	0.54	4.881e-05
9_74886897_T_C	2.900e-02	0.35	4.893e-05
8_134995635_T_G	3.100e-02	0.29	4.912e-05
11_47465955_G_A	-3.200e-02	0.70	4.943e-05
2_9428132_C_G	-3.000e-02	0.35	4.947e-05
11_46297631_A_C	-2.900e-02	0.49	4.956e-05
11_72278941_A_C	-3.900e-02	0.53	4.988e-05
20_15938898_A_T	-5.600e-02	0.06	5.018e-05
15_62372238_A_G	-2.900e-02	0.53	5.038e-05
8_118217597_G_A	-4.000e-02	0.81	5.054e-05
8_135012293_T_G	3.100e-02	0.29	5.087e-05
8_135000412_G_C	3.100e-02	0.29	5.098e-05
8_66210210_A_G	7.000e-02	0.96	5.133e-05
8_116840770_A_G	-3.600e-02	0.81	5.142e-05
2_9430731_C_T	-3.000e-02	0.35	5.145e-05
2_9431636_A_G	-3.000e-02	0.35	5.147e-05
8_135002254_T_C	3.100e-02	0.29	5.151e-05
2_9430778_G_A	-3.000e-02	0.35	5.17e-05
10_54803320_T_C	-3.100e-01	0.98	5.203e-05
2_9434811_G_A	3.000e-02	0.65	5.203e-05
15_62140034_G_A	-2.900e-02	0.56	5.208e-05
8_135001868_T_C	3.100e-02	0.29	5.218e-05
2_9437104_G_C	-3.000e-02	0.35	5.227e-05
2_9429618_A_G	-3.000e-02	0.35	5.227e-05
2_9434856_G_A	-3.000e-02	0.35	5.248e-05
2_9440015_A_G	-3.000e-02	0.35	5.273e-05
8_134994930_A_C	3.100e-02	0.29	5.28e-05
8_66214059_A_G	7.000e-02	0.95	5.281e-05
2_9436096_A_T	-3.000e-02	0.35	5.287e-05
10_114821554_C_T	2.900e-02	0.46	5.371e-05
15_62147207_T_A	-3.000e-02	0.38	5.371e-05
8_116718438_A_G	-3.400e-02	0.77	5.382e-05
6_129368130_G_A	-3.100e-02	0.28	5.4e-05
10_114823426_A_G	2.900e-02	0.47	5.416e-05
6_129368018_T_A	-3.100e-02	0.28	5.431e-05
12_130795877_G_A	-3.300e-02	0.31	5.439e-05
20_51611549_G_A	2.900e-02	0.43	5.44e-05
10_114821807_T_G	2.900e-02	0.46	5.497e-05
6_118635079_C_G	2.800e-02	0.50	5.509e-05
4_183236695_G_A	-3.100e-02	0.30	5.511e-05
11_47454701_A_G	-3.200e-02	0.70	5.517e-05
4_131524184_C_T	5.300e-02	0.08	5.545e-05
11_47468569_A_G	-3.200e-02	0.69	5.554e-05
11_47468820_C_T	-3.200e-02	0.70	5.586e-05
8_116796539_G_T	-3.400e-02	0.78	5.587e-05
2_9444014_A_G	-2.900e-02	0.35	5.593e-05
8_116839713_A_T	-3.600e-02	0.81	5.601e-05
11_47469439_A_G	-3.200e-02	0.71	5.617e-05
4_131522717_T_C	5.300e-02	0.08	5.626e-05
2_9447075_C_T	-2.900e-02	0.35	5.649e-05
15_62160453_G_C	-2.900e-02	0.52	5.673e-05
5_24036642_T_C	6.100e-02	0.06	5.676e-05
8_135004012_C_T	3.100e-02	0.29	5.704e-05
6_129366256_C_T	-3.100e-02	0.28	5.716e-05
9_135477331_G_A	-3.200e-02	0.74	5.719e-05
13_21650501_G_T	5.000e-02	0.83	5.727e-05
2_9449195_C_T	-2.900e-02	0.35	5.732e-05
20_51610053_C_T	2.900e-02	0.43	5.748e-05
8_135003077_G_A	3.100e-02	0.29	5.75e-05
13_103267897_G_A	-3.600e-02	0.17	5.771e-05
8_135003046_A_G	3.100e-02	0.29	5.776e-05
15_62146969_T_A	-2.900e-02	0.56	5.786e-05
17_77734689_G_A	8.200e-02	0.11	5.797e-05
11_46260223_G_A	-3.200e-02	0.40	5.835e-05
5_95770095_C_G	4.200e-02	0.16	5.839e-05
9_135523007_G_C	-3.200e-02	0.76	5.846e-05
8_135002279_C_T	3.100e-02	0.29	5.854e-05
10_114821249_T_C	2.900e-02	0.46	5.862e-05
20_51611939_G_A	2.900e-02	0.43	5.866e-05
2_9440902_A_T	-2.900e-02	0.35	5.867e-05
13_103268084_T_C	-3.600e-02	0.17	5.883e-05
15_62169687_C_G	-2.900e-02	0.51	5.893e-05
5_95805085_A_C	2.900e-02	0.42	5.911e-05
17_2047670_T_C	-3.700e-02	0.20	5.919e-05
4_131527277_G_A	5.300e-02	0.07	5.928e-05
4_175796630_T_C	3.200e-02	0.26	5.939e-05
15_71139706_C_T	2.900e-02	0.54	5.94e-05
15_61009802_T_C	3.200e-02	0.28	5.941e-05
8_134998268_C_G	3.100e-02	0.29	5.981e-05
8_135002042_C_T	3.100e-02	0.29	5.992e-05
8_118222703_T_C	-4.000e-02	0.82	5.999e-05
8_116722990_A_G	-3.300e-02	0.77	6.014e-05
8_118221999_C_G	-4.000e-02	0.82	6.058e-05
8_116721984_C_T	-3.300e-02	0.76	6.097e-05
8_116824201_G_A	-3.400e-02	0.77	6.101e-05
8_31896592_T_C	9.200e-02	0.98	6.128e-05
8_31896831_T_G	9.200e-02	0.98	6.136e-05
8_116813143_T_G	-3.400e-02	0.77	6.161e-05
4_131527130_A_G	5.300e-02	0.08	6.162e-05
17_44189067_A_G	-2.800e-02	0.45	6.163e-05
8_118220323_G_T	-4.000e-02	0.82	6.165e-05
8_116725199_G_A	-3.300e-02	0.77	6.201e-05
8_118220189_C_T	-3.900e-02	0.82	6.221e-05
8_118220013_C_G	-3.900e-02	0.82	6.231e-05
20_15937907_A_C	-5.500e-02	0.06	6.233e-05
8_116837887_C_G	-3.600e-02	0.81	6.257e-05
4_24871204_T_C	4.100e-02	0.86	6.279e-05
17_2115922_C_G	-2.900e-02	0.38	6.282e-05
8_118219607_A_G	-3.900e-02	0.82	6.311e-05
8_118217212_C_T	-3.900e-02	0.82	6.314e-05
8_118219383_G_A	-3.900e-02	0.81	6.344e-05
9_135503820_A_G	-3.200e-02	0.76	6.381e-05
8_116730138_G_T	-3.300e-02	0.76	6.382e-05
8_116831946_T_C	-3.600e-02	0.81	6.39e-05
8_118218521_A_G	-3.900e-02	0.82	6.393e-05
8_118215737_C_G	-3.900e-02	0.81	6.393e-05
8_116825542_C_T	-3.400e-02	0.78	6.397e-05
10_90866902_A_T	1.600e-01	0.01	6.403e-05
8_135009850_T_C	3.100e-02	0.29	6.412e-05
8_118214520_C_A	-3.900e-02	0.81	6.413e-05
8_134996264_A_C	3.100e-02	0.28	6.416e-05
20_15936950_C_G	-5.500e-02	0.06	6.423e-05
11_8782754_C_A	-9.000e-02	0.05	6.425e-05
8_118213776_C_T	-3.900e-02	0.81	6.475e-05
8_116732907_T_C	-3.300e-02	0.77	6.475e-05
5_95806979_T_C	2.900e-02	0.42	6.499e-05
7_8270748_C_T	-9.000e-02	0.02	6.512e-05
8_118213012_A_G	-3.900e-02	0.81	6.522e-05
11_89220222_G_T	-4.400e-02	0.13	6.562e-05
4_24871999_G_A	-4.100e-02	0.13	6.603e-05
20_51617164_T_G	2.800e-02	0.44	6.628e-05
11_46240289_A_C	-4.500e-02	0.87	6.678e-05
2_229330211_G_A	3.000e-02	0.60	6.725e-05
15_61011271_A_G	3.200e-02	0.28	6.741e-05
4_183236617_G_T	-3.100e-02	0.30	6.743e-05
15_62170347_C_T	-2.800e-02	0.55	6.782e-05
8_118193200_G_T	-3.900e-02	0.82	6.787e-05
2_9439432_T_C	-2.900e-02	0.35	6.794e-05
2_9436308_G_A	-2.900e-02	0.35	6.822e-05
6_129361194_G_A	-3.100e-02	0.28	6.868e-05
2_2227707_T_C	3.400e-02	0.69	6.888e-05
15_62486294_C_G	-3.600e-02	0.33	6.948e-05
11_46245361_A_G	-4.500e-02	0.87	6.962e-05
15_62480113_T_A	-3.600e-02	0.34	6.975e-05
12_130792347_A_C	-3.200e-02	0.30	7.008e-05
6_118681328_G_T	-2.800e-02	0.44	7.009e-05
12_130794052_G_A	-3.200e-02	0.31	7.043e-05
3_2485969_C_T	-2.900e-02	0.35	7.072e-05
8_66210642_A_C	6.800e-02	0.96	7.082e-05
2_242496325_C_T	4.800e-02	0.49	7.084e-05
15_62401047_G_C	-3.500e-02	0.21	7.101e-05
12_130792648_C_T	-3.100e-02	0.31	7.115e-05
8_116740823_A_G	-3.200e-02	0.74	7.122e-05
8_118198071_C_T	-3.800e-02	0.81	7.135e-05
6_118685314_A_G	2.800e-02	0.56	7.138e-05
19_8327502_T_C	-9.300e-02	0.93	7.145e-05
8_66223169_G_A	6.900e-02	0.95	7.17e-05
8_66224154_A_C	6.900e-02	0.95	7.172e-05
8_26026958_C_T	4.000e-02	0.68	7.191e-05
9_79437027_T_A	3.000e-02	0.33	7.191e-05
6_8318647_A_G	-3.100e-02	0.27	7.2e-05
8_66224991_T_C	6.900e-02	0.95	7.241e-05
8_66228435_A_G	6.900e-02	0.96	7.246e-05
8_66228144_A_G	6.900e-02	0.96	7.254e-05
20_15945683_T_C	-4.800e-02	0.09	7.281e-05
8_66229955_A_T	6.900e-02	0.95	7.282e-05
15_62319307_T_G	-2.800e-02	0.51	7.287e-05
5_95808483_T_C	2.800e-02	0.41	7.295e-05
11_72430935_C_T	-5.600e-02	0.09	7.298e-05
15_62378641_C_T	-2.800e-02	0.53	7.316e-05
8_134989787_T_C	3.000e-02	0.29	7.319e-05
8_134991132_A_C	3.000e-02	0.29	7.35e-05
9_135453439_A_G	-3.900e-02	0.47	7.366e-05
2_213903637_T_A	2.900e-02	0.47	7.396e-05
12_130791411_T_C	-3.100e-02	0.31	7.397e-05
8_134990768_A_G	3.000e-02	0.29	7.411e-05
17_2119101_C_T	-2.900e-02	0.38	7.429e-05
8_116743801_T_C	-3.300e-02	0.76	7.433e-05
6_65321389_A_G	2.900e-02	0.61	7.436e-05
20_51620301_C_T	2.800e-02	0.43	7.441e-05
19_14989048_T_G	-3.200e-02	0.74	7.449e-05
5_95803087_T_A	2.800e-02	0.42	7.455e-05
8_66240339_G_A	6.900e-02	0.96	7.463e-05
17_70607042_A_G	-2.800e-02	0.46	7.465e-05
16_61936873_G_T	-8.000e-02	0.96	7.489e-05
12_130790215_G_A	-3.100e-02	0.31	7.491e-05
20_51620857_A_G	2.800e-02	0.43	7.51e-05
20_51621922_G_A	2.800e-02	0.43	7.528e-05
2_242500662_C_T	4.900e-02	0.46	7.541e-05
7_8263998_C_T	-9.800e-02	0.01	7.557e-05
2_157122320_A_G	2.000e-01	0.02	7.574e-05
8_116576127_A_C	7.200e-02	0.04	7.598e-05
15_62321476_A_T	-2.800e-02	0.51	7.599e-05
8_66241439_G_T	6.900e-02	0.95	7.611e-05
7_8263881_C_T	-9.800e-02	0.01	7.651e-05
1_99110208_T_C	-2.900e-02	0.37	7.658e-05
8_116744508_A_C	-3.300e-02	0.77	7.658e-05
9_74883325_G_A	2.900e-02	0.38	7.67e-05
15_62337273_T_G	-2.800e-02	0.51	7.706e-05
8_118212462_A_G	-3.800e-02	0.81	7.722e-05
12_130791733_G_A	-3.100e-02	0.31	7.727e-05
8_31887758_G_A	9.100e-02	0.98	7.73e-05
15_62338820_C_T	-2.800e-02	0.51	7.737e-05
15_62338559_A_G	-2.800e-02	0.53	7.74e-05
15_62338462_C_G	-2.800e-02	0.53	7.75e-05
4_24851965_G_A	4.000e-02	0.85	7.75e-05
5_180258750_C_T	1.000e-01	0.06	7.75e-05
7_8263693_T_C	-9.900e-02	0.01	7.757e-05
8_116836588_C_T	-3.500e-02	0.81	7.76e-05
17_2001604_T_A	-4.800e-02	0.10	7.782e-05
17_2216258_T_C	3.300e-02	0.61	7.783e-05
15_62119357_C_T	-3.300e-02	0.29	7.799e-05
2_213900472_T_A	2.900e-02	0.49	7.811e-05
17_2158094_C_G	3.200e-02	0.70	7.817e-05
10_18555987_C_G	4.000e-02	0.11	7.826e-05
20_15948034_A_G	-4.600e-02	0.14	7.844e-05
17_2129210_C_A	-2.900e-02	0.38	7.849e-05
15_62317405_G_T	-2.800e-02	0.50	7.857e-05
17_2027644_C_T	-3.700e-02	0.20	7.909e-05
8_116744586_G_T	-3.300e-02	0.77	7.911e-05
11_118757191_G_A	-3.700e-02	0.64	7.929e-05
7_8261971_C_A	-1.000e-01	0.01	7.947e-05
20_21683734_A_G	1.100e-01	0.02	7.954e-05
17_33486191_G_A	-4.000e-02	0.13	7.959e-05
8_116823610_A_G	-3.300e-02	0.78	7.963e-05
7_8262447_T_C	-1.000e-01	0.01	7.995e-05
1_99093976_T_C	-2.900e-02	0.38	8.052e-05
17_2028928_A_G	-3.700e-02	0.20	8.061e-05
17_1994644_G_C	9.500e-02	0.02	8.063e-05
7_8262857_T_C	-1.000e-01	0.01	8.074e-05
9_135502871_T_C	-3.200e-02	0.76	8.098e-05
8_116720406_A_T	-3.200e-02	0.74	8.124e-05
1_99101223_C_T	-2.900e-02	0.37	8.128e-05
17_2196150_C_T	3.100e-02	0.70	8.16e-05
17_2135980_A_T	-2.900e-02	0.38	8.161e-05
8_116746185_T_G	-3.300e-02	0.76	8.181e-05
17_2030507_C_G	-3.600e-02	0.21	8.188e-05
5_95802946_T_C	2.800e-02	0.42	8.19e-05
11_46227161_G_A	-4.500e-02	0.87	8.237e-05
4_24860749_A_G	4.000e-02	0.87	8.24e-05
8_116820174_T_G	-3.300e-02	0.78	8.256e-05
20_50711018_G_A	-3.200e-02	0.48	8.271e-05
17_2117945_A_G	-2.900e-02	0.37	8.296e-05
8_116831768_G_A	-3.500e-02	0.81	8.318e-05
7_8268155_T_C	-8.600e-02	0.01	8.403e-05
11_46229810_C_T	-4.500e-02	0.87	8.434e-05
1_76597189_G_A	6.000e-02	0.05	8.448e-05
21_28755225_T_G	3.400e-02	0.26	8.474e-05
6_129114003_G_A	-5.500e-02	0.11	8.479e-05
9_74883371_C_T	2.800e-02	0.37	8.506e-05
7_8262572_T_C	-1.000e-01	0.01	8.551e-05
8_116746285_G_A	-3.300e-02	0.76	8.567e-05
8_116816756_G_T	-3.300e-02	0.77	8.574e-05
1_76593031_A_C	6.000e-02	0.05	8.595e-05
1_76599096_A_C	5.900e-02	0.05	8.602e-05
18_52633265_A_G	-2.800e-02	0.53	8.603e-05
4_131524869_T_C	5.200e-02	0.08	8.623e-05
7_8263585_T_G	-9.900e-02	0.01	8.655e-05
15_62329868_A_G	-2.800e-02	0.53	8.663e-05
9_74883618_A_G	2.800e-02	0.37	8.689e-05
4_183230598_T_C	-3.300e-02	0.25	8.725e-05
8_66246890_T_G	6.800e-02	0.96	8.741e-05
8_66247443_T_C	6.800e-02	0.96	8.753e-05
5_58318052_C_A	-3.000e-02	0.68	8.761e-05
8_66247105_T_C	6.800e-02	0.96	8.764e-05
8_66248709_T_C	6.800e-02	0.96	8.769e-05
8_66251329_C_T	6.800e-02	0.96	8.824e-05
9_74884103_T_C	2.800e-02	0.37	8.831e-05
8_116746477_C_T	-3.300e-02	0.76	8.851e-05
9_79445633_A_G	2.800e-02	0.48	8.863e-05
4_24860334_T_C	4.000e-02	0.87	8.864e-05
8_116813923_T_A	-3.300e-02	0.78	8.966e-05
5_95405343_C_T	3.200e-02	0.31	8.986e-05
8_116794231_G_A	-3.300e-02	0.78	9.03e-05
11_46300722_G_A	-2.900e-02	0.56	9.031e-05
7_8269416_A_G	-8.600e-02	0.01	9.036e-05
8_116794276_G_T	-3.300e-02	0.78	9.042e-05
8_116835859_G_T	-3.500e-02	0.81	9.049e-05
18_52625947_C_T	2.700e-02	0.47	9.068e-05
8_116813278_T_G	-3.300e-02	0.78	9.07e-05
20_51616889_C_T	2.800e-02	0.42	9.115e-05
17_2123200_A_T	-2.900e-02	0.37	9.137e-05
4_183231122_A_G	-3.300e-02	0.25	9.137e-05
17_2175768_C_T	-3.100e-02	0.29	9.15e-05
8_116812703_T_C	-3.300e-02	0.78	9.155e-05
4_183231052_A_G	-3.300e-02	0.25	9.203e-05
12_14886615_T_C	-6.100e-02	0.08	9.219e-05
8_116795877_A_G	-3.300e-02	0.78	9.226e-05
5_95388015_G_A	3.200e-02	0.30	9.251e-05
4_24858906_C_A	4.000e-02	0.86	9.252e-05
4_137815407_G_A	4.100e-02	0.14	9.258e-05
2_213879407_T_C	2.700e-02	0.42	9.258e-05
17_2124972_G_A	-2.900e-02	0.37	9.271e-05
8_116799168_C_A	-3.300e-02	0.78	9.271e-05
8_116799593_C_T	-3.300e-02	0.78	9.281e-05
15_62334705_T_A	-2.800e-02	0.54	9.291e-05
8_116746746_G_T	-3.300e-02	0.76	9.33e-05
8_116819267_C_G	-3.200e-02	0.76	9.334e-05
17_2125605_G_A	-2.900e-02	0.37	9.339e-05
4_183230887_T_G	-3.300e-02	0.24	9.349e-05
8_116821186_C_A	-3.200e-02	0.76	9.369e-05
1_36862667_T_C	3.800e-02	0.15	9.372e-05
8_116791749_A_C	-3.300e-02	0.78	9.383e-05
8_116800884_T_A	-3.300e-02	0.78	9.384e-05
6_65325746_C_G	2.800e-02	0.61	9.39e-05
8_116806917_G_A	-3.300e-02	0.78	9.404e-05
9_135481459_T_C	-3.100e-02	0.74	9.422e-05
5_52479728_A_C	-1.000e-01	0.01	9.444e-05
11_47965961_T_C	-3.900e-02	0.15	9.449e-05
8_116801367_A_G	-3.300e-02	0.78	9.449e-05
17_70608589_A_T	-3.200e-02	0.40	9.461e-05
2_333665_G_T	6.500e-02	0.55	9.476e-05
11_46270846_C_A	-3.900e-02	0.18	9.569e-05
17_2132324_T_C	2.900e-02	0.63	9.569e-05
2_2227402_C_T	3.300e-02	0.68	9.585e-05
4_24863859_T_C	4.000e-02	0.87	9.61e-05
8_116819887_G_A	-3.200e-02	0.76	9.634e-05
3_2484710_G_A	-2.900e-02	0.32	9.668e-05
8_116746899_G_A	-3.200e-02	0.76	9.736e-05
8_116747501_G_T	-3.200e-02	0.76	9.784e-05
17_2108578_G_A	-2.800e-02	0.38	9.793e-05
12_121688244_T_A	3.300e-02	0.27	9.85e-05
17_2096441_C_T	-2.800e-02	0.38	9.882e-05
4_24847806_C_G	4.000e-02	0.85	9.892e-05
17_2136065_T_G	-2.800e-02	0.38	9.899e-05
2_2226513_T_G	3.300e-02	0.69	9.901e-05
1_58810057_T_C	-3.700e-02	0.19	9.904e-05
15_62335347_T_A	-2.800e-02	0.52	9.975e-05
15_62335839_G_A	-2.800e-02	0.53	9.977e-05
