10_114788815_T_C	1.241e-01	0.28	1.941e-08
10_114808902_G_T	1.173e-01	0.28	6.645e-08
15_62340126_A_G	1.119e-01	0.29	1.751e-07
10_109593360_G_A	1.027e-01	0.30	3.967e-07
10_114758349_C_T	1.083e-01	0.31	4.3e-07
10_114767771_G_A	1.058e-01	0.33	4.71e-07
15_62338797_G_T	9.410e-02	0.44	6.312e-07
15_62124706_T_G	1.115e-01	0.26	6.711e-07
15_62154748_A_G	1.060e-01	0.26	8.141e-07
5_101554481_C_T	1.838e-01	0.08	8.331e-07
15_62175019_T_C	1.042e-01	0.28	9.426e-07
15_62177668_A_C	1.040e-01	0.28	9.677e-07
15_62178695_A_G	1.039e-01	0.26	9.835e-07
15_62319307_T_G	9.200e-02	0.51	1.118e-06
10_114756041_A_T	1.019e-01	0.33	1.135e-06
15_62332980_A_G	9.260e-02	0.41	1.16e-06
15_62338820_C_T	9.110e-02	0.51	1.503e-06
15_62337273_T_G	9.100e-02	0.51	1.52e-06
15_62317405_G_T	9.040e-02	0.50	1.76e-06
2_27730940_T_C	-9.130e-02	0.59	1.791e-06
15_62321476_A_T	9.000e-02	0.51	1.932e-06
5_101558769_C_A	1.566e-01	0.08	1.967e-06
2_27741237_T_C	-9.050e-02	0.59	2.269e-06
15_62305090_A_G	8.930e-02	0.47	2.595e-06
2_27742603_T_C	-8.980e-02	0.59	2.695e-06
15_62372592_A_G	8.890e-02	0.48	2.988e-06
15_62329868_A_G	8.870e-02	0.53	3.256e-06
10_114754088_T_C	9.740e-02	0.32	3.307e-06
15_62334705_T_A	8.870e-02	0.54	3.382e-06
15_62274940_G_C	8.780e-02	0.47	3.806e-06
10_114752503_T_C	1.154e-01	0.25	3.9e-06
15_62338559_A_G	8.780e-02	0.53	4.13e-06
15_62338462_C_G	8.780e-02	0.53	4.163e-06
15_62372827_G_A	8.760e-02	0.47	4.25e-06
15_62279937_G_A	8.720e-02	0.48	4.383e-06
15_62282114_C_T	8.690e-02	0.48	4.64e-06
15_62374487_A_G	8.700e-02	0.47	4.68e-06
15_62372475_A_G	8.690e-02	0.47	4.732e-06
8_99479712_A_G	1.990e-01	0.04	4.952e-06
15_62375036_T_G	8.700e-02	0.47	4.972e-06
15_62284101_A_G	8.680e-02	0.48	5.02e-06
15_62118953_G_A	9.940e-02	0.28	5.113e-06
15_62131733_T_C	1.017e-01	0.27	5.371e-06
5_101553800_C_A	1.484e-01	0.08	5.408e-06
15_62135922_T_C	1.003e-01	0.27	5.48e-06
15_62325151_C_T	8.680e-02	0.53	5.513e-06
15_62259066_A_T	-8.630e-02	0.53	5.521e-06
15_62370484_T_C	8.640e-02	0.47	5.539e-06
15_62290487_C_T	8.700e-02	0.56	5.707e-06
15_62346056_G_A	8.640e-02	0.47	5.711e-06
5_101551842_C_T	1.489e-01	0.09	5.729e-06
15_62130726_G_T	1.025e-01	0.26	5.991e-06
15_62335347_T_A	8.630e-02	0.52	6.145e-06
5_142242139_C_T	-2.095e-01	0.04	6.198e-06
5_142241136_G_A	-2.085e-01	0.04	6.325e-06
15_62377805_C_T	8.600e-02	0.48	6.369e-06
2_230493684_C_A	1.232e-01	0.16	6.419e-06
3_123094451_T_C	1.021e-01	0.80	6.469e-06
15_62377820_A_T	8.570e-02	0.48	6.85e-06
15_62375389_C_T	8.580e-02	0.48	6.939e-06
15_62287528_C_T	8.430e-02	0.44	7.288e-06
15_62373459_T_G	8.510e-02	0.47	7.387e-06
15_62259772_C_T	-8.520e-02	0.52	7.599e-06
5_101570236_T_C	1.455e-01	0.09	7.663e-06
15_62335839_G_A	8.540e-02	0.53	7.677e-06
15_62347274_A_T	8.500e-02	0.47	7.813e-06
15_62200974_T_C	8.470e-02	0.43	8.094e-06
15_62287456_G_A	8.390e-02	0.44	8.129e-06
15_62349020_A_G	8.470e-02	0.47	8.414e-06
15_62306455_A_G	8.570e-02	0.58	9.039e-06
15_62232380_C_A	8.540e-02	0.48	9.422e-06
20_51761595_T_C	4.085e-01	0.02	9.444e-06
15_62379971_A_G	8.430e-02	0.48	9.611e-06
15_62379814_T_C	8.430e-02	0.48	9.64e-06
15_62379668_C_T	8.420e-02	0.48	9.676e-06
15_62380132_G_A	8.420e-02	0.48	9.828e-06
15_62378892_G_A	8.410e-02	0.48	1.001e-05
20_51759549_C_G	4.072e-01	0.02	1.004e-05
15_62280687_G_T	8.460e-02	0.56	1.009e-05
15_62378608_G_A	8.410e-02	0.48	1.013e-05
20_43000590_C_T	9.000e-02	0.34	1.016e-05
20_51758398_C_T	4.067e-01	0.02	1.022e-05
15_62380259_C_T	8.390e-02	0.48	1.048e-05
15_62364932_C_T	8.360e-02	0.48	1.074e-05
3_123131254_C_T	-1.018e-01	0.21	1.106e-05
3_123130684_C_T	-1.014e-01	0.21	1.126e-05
15_62229356_T_C	8.350e-02	0.43	1.135e-05
15_62315474_G_A	8.410e-02	0.54	1.144e-05
15_62238348_C_T	-8.470e-02	0.43	1.15e-05
5_142243575_A_G	-1.539e-01	0.08	1.157e-05
4_177466277_A_C	8.660e-02	0.55	1.158e-05
15_62238231_G_A	-8.460e-02	0.42	1.185e-05
15_62217444_T_C	-8.280e-02	0.57	1.208e-05
15_62381413_C_T	8.330e-02	0.48	1.221e-05
15_62218568_A_C	-8.280e-02	0.57	1.221e-05
15_62381065_C_A	8.330e-02	0.48	1.229e-05
5_142244277_G_A	-1.535e-01	0.08	1.25e-05
15_62301094_G_A	8.420e-02	0.56	1.257e-05
15_62364692_A_G	8.360e-02	0.54	1.286e-05
15_62381016_C_T	8.300e-02	0.46	1.292e-05
15_62259637_C_T	-8.240e-02	0.55	1.343e-05
5_142246733_C_G	-1.452e-01	0.10	1.346e-05
15_62380595_T_C	8.260e-02	0.48	1.423e-05
15_62248911_C_T	-8.460e-02	0.49	1.436e-05
15_62380482_A_C	8.260e-02	0.48	1.437e-05
15_62132921_T_G	8.480e-02	0.47	1.44e-05
5_142246048_A_G	-1.455e-01	0.10	1.444e-05
15_62202638_T_C	8.300e-02	0.56	1.447e-05
15_62207619_T_C	-8.300e-02	0.43	1.472e-05
5_142245005_G_A	-1.515e-01	0.08	1.476e-05
5_142246574_A_C	-1.451e-01	0.10	1.49e-05
15_62233167_A_G	8.590e-02	0.47	1.552e-05
4_124876173_C_A	1.821e-01	0.13	1.556e-05
15_62172429_C_T	8.200e-02	0.45	1.567e-05
4_177467051_G_T	8.590e-02	0.56	1.604e-05
15_62227286_T_A	8.370e-02	0.54	1.615e-05
15_62224613_G_A	8.280e-02	0.47	1.638e-05
15_62221468_G_A	-8.260e-02	0.45	1.645e-05
15_62120650_A_T	8.820e-02	0.39	1.65e-05
10_109604256_T_C	8.320e-02	0.47	1.659e-05
15_62171479_T_C	8.150e-02	0.45	1.804e-05
1_152077859_G_C	-8.070e-02	0.42	1.877e-05
15_62362839_A_G	8.240e-02	0.54	1.896e-05
1_152039711_A_G	-8.070e-02	0.44	1.949e-05
2_230487239_G_C	1.122e-01	0.17	1.952e-05
15_62202482_C_T	8.210e-02	0.56	1.955e-05
2_142618914_T_C	1.401e-01	0.08	1.976e-05
15_62247720_A_T	-8.190e-02	0.59	1.986e-05
2_230486409_A_C	1.121e-01	0.17	1.987e-05
2_203046418_G_T	-8.190e-02	0.41	2.017e-05
9_71191769_C_T	-1.136e-01	0.18	2.024e-05
9_71192508_G_A	-1.136e-01	0.18	2.024e-05
4_177460136_A_G	8.310e-02	0.56	2.04e-05
13_32710638_C_T	8.330e-02	0.41	2.056e-05
1_152079989_T_G	-8.020e-02	0.42	2.082e-05
13_32711703_C_T	8.370e-02	0.41	2.087e-05
15_62280917_C_G	8.200e-02	0.58	2.128e-05
2_230484487_G_A	1.071e-01	0.18	2.136e-05
2_27731212_T_C	-1.082e-01	0.21	2.147e-05
15_62149784_T_C	8.060e-02	0.45	2.222e-05
1_152046995_A_T	-7.990e-02	0.44	2.223e-05
2_230485415_T_G	1.067e-01	0.18	2.239e-05
2_230488081_G_T	1.111e-01	0.17	2.253e-05
1_152045626_C_T	-7.980e-02	0.44	2.295e-05
13_32710520_G_C	8.330e-02	0.41	2.297e-05
15_62246864_G_A	-8.150e-02	0.53	2.352e-05
15_62266250_C_T	8.180e-02	0.56	2.353e-05
15_62236804_T_A	-8.180e-02	0.58	2.383e-05
15_62264222_G_A	8.170e-02	0.56	2.407e-05
15_62313373_G_A	8.130e-02	0.56	2.447e-05
5_142239654_C_G	-1.486e-01	0.08	2.486e-05
15_62366721_C_T	8.110e-02	0.55	2.504e-05
15_62233439_C_T	8.200e-02	0.54	2.521e-05
15_62147207_T_A	8.300e-02	0.38	2.523e-05
9_71193270_G_T	-1.122e-01	0.18	2.536e-05
1_152081921_G_C	-7.940e-02	0.42	2.546e-05
15_62237710_C_T	-7.980e-02	0.53	2.574e-05
3_123096820_T_C	9.690e-02	0.80	2.641e-05
15_62358682_A_G	8.040e-02	0.50	2.683e-05
15_62347885_C_T	7.960e-02	0.44	2.684e-05
15_62241962_C_T	-7.940e-02	0.54	2.735e-05
15_62247067_T_C	-8.130e-02	0.53	2.742e-05
15_62344011_A_G	8.150e-02	0.56	2.76e-05
15_62353458_G_A	8.020e-02	0.49	2.763e-05
15_62343544_G_A	8.140e-02	0.56	2.77e-05
1_152116238_G_T	-8.750e-02	0.42	2.808e-05
2_230490076_C_T	1.046e-01	0.18	2.808e-05
15_62170347_C_T	8.150e-02	0.55	2.861e-05
3_123095312_G_A	-9.570e-02	0.20	2.862e-05
2_230493212_T_A	1.060e-01	0.18	2.886e-05
3_178711892_C_T	-1.975e-01	0.04	2.945e-05
10_109593556_C_T	-7.800e-02	0.53	2.961e-05
15_62162264_C_T	7.940e-02	0.45	2.965e-05
2_230488467_C_T	1.044e-01	0.18	2.987e-05
3_123093530_T_C	9.550e-02	0.80	2.991e-05
1_152037515_T_C	-8.230e-02	0.44	2.993e-05
2_230481749_G_C	1.036e-01	0.19	3.015e-05
2_230492515_G_A	1.053e-01	0.18	3.038e-05
2_230489354_C_T	1.042e-01	0.18	3.073e-05
11_12219904_C_T	8.570e-02	0.33	3.138e-05
3_123082398_T_C	-9.610e-02	0.18	3.17e-05
15_62372238_A_G	8.000e-02	0.53	3.189e-05
2_230492196_T_C	1.048e-01	0.18	3.189e-05
16_87866138_G_C	9.080e-02	0.26	3.243e-05
9_97016558_T_C	9.110e-02	0.67	3.26e-05
2_27743154_A_G	-1.053e-01	0.17	3.309e-05
2_225149570_G_A	3.758e-01	0.01	3.327e-05
15_62359085_C_T	7.860e-02	0.44	3.376e-05
15_62373096_T_C	7.980e-02	0.54	3.447e-05
2_230491044_A_T	1.038e-01	0.18	3.477e-05
15_62197616_G_T	8.000e-02	0.55	3.561e-05
15_62118475_G_C	8.820e-02	0.30	3.568e-05
15_62184912_G_T	8.000e-02	0.56	3.57e-05
15_62181508_T_C	8.000e-02	0.57	3.631e-05
16_87867872_G_A	8.880e-02	0.26	3.64e-05
17_43499839_A_G	-1.085e-01	0.18	3.676e-05
18_57711028_C_T	8.880e-02	0.73	3.694e-05
15_62250430_G_A	-7.960e-02	0.58	3.703e-05
16_87868527_C_A	8.870e-02	0.26	3.714e-05
7_48456233_T_G	8.040e-02	0.47	3.739e-05
17_43501442_T_C	-1.084e-01	0.18	3.745e-05
17_43529293_G_A	-1.087e-01	0.18	3.776e-05
11_12217172_G_T	8.550e-02	0.33	3.788e-05
4_177466797_T_C	8.150e-02	0.55	3.804e-05
15_62250008_T_C	-7.950e-02	0.58	3.816e-05
17_43513551_C_G	-1.083e-01	0.18	3.818e-05
15_62119357_C_T	8.820e-02	0.29	3.88e-05
8_9201787_C_T	-1.177e-01	0.09	3.911e-05
15_62396389_A_G	7.840e-02	0.43	3.932e-05
15_62228696_G_C	-7.980e-02	0.46	3.938e-05
5_76718626_G_A	-1.585e-01	0.07	4.047e-05
15_62223749_C_A	7.950e-02	0.52	4.121e-05
2_230481637_G_T	1.062e-01	0.18	4.143e-05
2_106701810_G_T	4.835e-01	0.01	4.198e-05
11_15696609_G_T	4.056e-01	0.01	4.204e-05
15_62345083_G_A	7.960e-02	0.57	4.219e-05
17_43513441_C_T	-1.076e-01	0.18	4.245e-05
1_152140291_C_T	7.720e-02	0.58	4.25e-05
2_239202914_G_A	-1.238e-01	0.16	4.252e-05
20_51770895_A_C	3.774e-01	0.01	4.253e-05
17_43516402_A_G	-1.077e-01	0.18	4.308e-05
2_27839539_T_C	8.440e-02	0.28	4.308e-05
17_43541656_C_T	-1.080e-01	0.18	4.351e-05
1_152140016_G_A	7.700e-02	0.58	4.365e-05
15_62349517_T_A	7.960e-02	0.57	4.368e-05
2_239185922_T_G	-1.066e-01	0.15	4.393e-05
2_230491546_A_G	1.027e-01	0.18	4.402e-05
15_62236373_A_T	-7.840e-02	0.56	4.452e-05
15_62391608_C_T	7.820e-02	0.43	4.463e-05
3_6511781_C_G	8.110e-02	0.58	4.469e-05
9_138017140_C_G	-1.176e-01	0.14	4.609e-05
15_62381630_T_G	7.720e-02	0.44	4.615e-05
1_94104756_T_C	-1.765e-01	0.05	4.65e-05
20_51786947_T_C	3.585e-01	0.02	4.764e-05
1_152126467_T_C	-7.670e-02	0.42	4.782e-05
2_27750546_T_A	-7.710e-02	0.50	4.824e-05
15_62239304_A_T	-7.770e-02	0.56	4.857e-05
2_27748624_A_G	-7.700e-02	0.55	4.908e-05
15_62146969_T_A	7.900e-02	0.56	4.962e-05
3_150683108_T_A	8.100e-02	0.51	5.041e-05
15_62239697_C_T	-7.750e-02	0.56	5.061e-05
15_62396189_C_A	7.740e-02	0.43	5.093e-05
5_142237486_T_C	-1.503e-01	0.08	5.095e-05
3_64751742_G_A	-2.056e-01	0.04	5.161e-05
15_62198564_T_C	7.680e-02	0.52	5.202e-05
17_43493101_G_A	-1.066e-01	0.18	5.232e-05
1_152141204_A_T	7.650e-02	0.58	5.309e-05
10_109599755_G_C	-7.620e-02	0.52	5.318e-05
9_71186182_T_C	-1.038e-01	0.20	5.341e-05
15_62125859_C_T	8.170e-02	0.38	5.382e-05
10_130372412_G_T	-8.250e-02	0.56	5.447e-05
15_62339897_C_A	7.860e-02	0.56	5.464e-05
20_51766739_G_T	3.782e-01	0.01	5.468e-05
10_133970588_C_T	7.740e-02	0.56	5.48e-05
16_87863500_A_C	8.800e-02	0.27	5.5e-05
15_62394690_C_G	7.710e-02	0.43	5.549e-05
15_62117975_C_T	8.610e-02	0.29	5.558e-05
15_62211450_G_A	-7.760e-02	0.57	5.62e-05
5_73361049_A_G	1.081e-01	0.13	5.685e-05
2_239165663_T_C	-1.095e-01	0.16	5.685e-05
15_62244281_C_G	-7.880e-02	0.45	5.707e-05
15_62239801_A_C	-7.880e-02	0.45	5.76e-05
5_73361348_T_C	1.087e-01	0.13	5.775e-05
19_46180184_C_T	1.291e-01	0.21	5.793e-05
15_62246161_T_C	-7.870e-02	0.45	5.838e-05
5_73361111_A_G	1.085e-01	0.13	5.9e-05
1_116403909_C_G	-1.567e-01	0.04	5.919e-05
19_46182304_T_A	1.284e-01	0.21	5.943e-05
5_73360733_T_C	1.076e-01	0.13	5.956e-05
5_73361079_A_C	1.081e-01	0.13	5.974e-05
5_73359534_C_T	1.071e-01	0.13	6.097e-05
1_151846517_C_T	7.840e-02	0.62	6.101e-05
1_6349875_C_T	1.214e-01	0.10	6.116e-05
20_51782686_C_T	3.483e-01	0.02	6.175e-05
2_50392158_A_G	-1.074e-01	0.13	6.178e-05
5_73360231_A_G	1.073e-01	0.12	6.212e-05
2_27743215_A_G	-1.010e-01	0.17	6.215e-05
3_29426206_C_G	1.768e-01	0.94	6.236e-05
15_62140189_A_C	7.660e-02	0.52	6.237e-05
15_62141611_G_C	7.660e-02	0.52	6.254e-05
11_48112923_T_C	-1.808e-01	0.04	6.29e-05
15_62143972_G_C	7.770e-02	0.56	6.307e-05
13_93512923_A_G	-7.540e-02	0.51	6.377e-05
5_73358645_A_C	1.063e-01	0.13	6.397e-05
5_73359354_A_C	1.067e-01	0.13	6.399e-05
2_142604198_A_G	1.310e-01	0.08	6.406e-05
18_57707990_C_T	8.520e-02	0.74	6.424e-05
2_28301540_T_C	1.270e-01	0.11	6.45e-05
16_10355690_C_G	-9.480e-02	0.82	6.46e-05
1_183150532_G_T	4.568e-01	0.01	6.475e-05
5_73356381_T_A	1.059e-01	0.13	6.484e-05
3_179679345_G_C	-8.020e-02	0.36	6.532e-05
15_62151079_T_C	7.740e-02	0.56	6.538e-05
5_73356154_A_G	1.055e-01	0.13	6.549e-05
8_118185025_G_A	-8.880e-02	0.29	6.61e-05
2_27839369_T_C	8.220e-02	0.28	6.649e-05
1_222484745_C_T	-7.880e-02	0.34	6.668e-05
5_142235378_T_C	-1.498e-01	0.06	6.789e-05
2_219170462_G_A	-2.150e-01	0.05	6.79e-05
5_73356136_C_T	1.052e-01	0.13	6.8e-05
1_183152686_G_A	4.560e-01	0.01	6.807e-05
2_142604011_C_T	1.301e-01	0.08	6.809e-05
17_43994648_C_T	-9.560e-02	0.23	6.854e-05
15_62153856_C_T	7.720e-02	0.56	6.858e-05
5_73354365_G_C	1.052e-01	0.13	6.882e-05
5_73354825_T_G	1.052e-01	0.13	6.894e-05
5_73356934_A_G	1.057e-01	0.13	6.91e-05
5_73355926_T_C	1.051e-01	0.13	6.921e-05
5_73353088_C_T	1.054e-01	0.12	6.923e-05
1_222514287_C_T	-8.070e-02	0.39	6.98e-05
18_57709748_T_A	8.490e-02	0.73	6.994e-05
1_183153695_G_A	4.570e-01	0.01	6.997e-05
18_57713211_A_C	8.520e-02	0.73	7.003e-05
5_76709426_G_T	-1.321e-01	0.09	7.014e-05
5_73352830_C_T	1.053e-01	0.12	7.034e-05
17_44162597_C_A	-9.680e-02	0.24	7.058e-05
5_76713643_T_C	-1.326e-01	0.09	7.092e-05
5_73352025_G_A	1.052e-01	0.12	7.185e-05
4_6404774_A_C	-8.060e-02	0.54	7.188e-05
3_82877346_G_A	-8.620e-02	0.34	7.188e-05
10_109599452_A_T	-7.460e-02	0.52	7.248e-05
15_62394264_G_C	7.610e-02	0.43	7.263e-05
19_46181392_G_C	1.263e-01	0.21	7.271e-05
2_238792133_A_G	8.140e-02	0.27	7.271e-05
5_31688681_C_T	7.660e-02	0.57	7.272e-05
8_118184783_C_T	-8.800e-02	0.29	7.286e-05
1_152141674_A_G	7.600e-02	0.58	7.432e-05
1_6345818_G_A	1.194e-01	0.10	7.461e-05
6_16975945_C_G	-1.093e-01	0.18	7.477e-05
1_3105909_A_G	1.264e-01	0.84	7.51e-05
1_95213439_T_C	8.700e-02	0.28	7.52e-05
3_150685372_T_C	7.990e-02	0.54	7.569e-05
5_73355560_C_T	1.044e-01	0.13	7.601e-05
8_9211723_G_A	-1.131e-01	0.10	7.603e-05
2_71403616_T_G	1.056e-01	0.14	7.61e-05
2_203222966_G_A	1.144e-01	0.14	7.638e-05
13_78692881_T_C	8.130e-02	0.71	7.674e-05
10_109599389_A_T	-7.430e-02	0.52	7.681e-05
1_208309775_G_A	1.469e-01	0.09	7.695e-05
2_168434795_A_G	-2.857e-01	0.03	7.76e-05
15_62165127_A_G	7.670e-02	0.55	7.784e-05
15_62164813_A_C	7.670e-02	0.55	7.789e-05
15_62396942_G_A	7.670e-02	0.43	7.816e-05
8_19072917_C_T	-1.179e-01	0.11	7.849e-05
15_62143664_C_T	7.590e-02	0.48	7.862e-05
4_6405098_T_C	-8.020e-02	0.54	7.878e-05
15_62255172_A_G	-7.740e-02	0.46	7.89e-05
17_44025888_C_A	9.510e-02	0.75	7.895e-05
15_62167017_G_A	7.660e-02	0.57	7.945e-05
8_19073091_A_G	-1.176e-01	0.12	7.962e-05
2_71409237_A_C	1.056e-01	0.14	7.964e-05
1_183131122_A_G	4.720e-01	0.01	7.966e-05
15_62168292_C_T	7.650e-02	0.57	7.97e-05
15_62169072_A_G	7.650e-02	0.55	8.01e-05
11_48144114_C_T	-1.741e-01	0.04	8.026e-05
11_48125731_T_C	1.758e-01	0.96	8.094e-05
1_208813079_G_C	-8.450e-02	0.28	8.114e-05
8_9200251_C_T	-1.129e-01	0.09	8.118e-05
21_23343710_T_C	9.580e-02	0.21	8.139e-05
2_203056987_A_G	-7.440e-02	0.41	8.16e-05
9_32035304_T_C	1.275e-01	0.12	8.166e-05
2_235871093_A_C	-1.196e-01	0.31	8.249e-05
8_23551904_T_C	7.620e-02	0.55	8.271e-05
2_55055288_C_A	-9.430e-02	0.20	8.305e-05
2_50398902_A_G	-1.051e-01	0.13	8.356e-05
1_151996608_C_T	7.850e-02	0.60	8.376e-05
17_43977827_C_T	-9.670e-02	0.23	8.376e-05
17_43772109_C_A	-9.600e-02	0.23	8.4e-05
17_43772540_G_A	-9.690e-02	0.23	8.408e-05
6_19804014_C_T	1.189e-01	0.12	8.489e-05
2_50396454_G_A	-1.049e-01	0.13	8.571e-05
6_110566053_T_C	-2.262e-01	0.05	8.584e-05
20_51733183_G_C	1.628e-01	0.08	8.589e-05
2_142593150_G_T	1.360e-01	0.07	8.621e-05
18_57687573_A_G	8.350e-02	0.73	8.677e-05
3_157311299_A_G	-8.180e-02	0.68	8.701e-05
1_152141922_G_A	-7.720e-02	0.43	8.735e-05
5_83836636_C_T	-1.929e-01	0.08	8.739e-05
17_43779624_C_T	-9.760e-02	0.22	8.757e-05
4_177455498_T_G	7.500e-02	0.47	8.797e-05
2_203202166_A_G	1.133e-01	0.14	8.811e-05
2_203213093_T_C	1.134e-01	0.14	8.818e-05
15_62133731_A_T	7.650e-02	0.57	8.833e-05
2_203213061_T_C	1.134e-01	0.14	8.842e-05
1_183137837_C_G	4.508e-01	0.01	8.897e-05
2_50345959_A_G	-8.730e-02	0.23	8.911e-05
8_89773250_C_T	1.677e-01	0.05	8.933e-05
8_19072672_C_T	-1.159e-01	0.12	8.97e-05
18_57708363_C_G	8.380e-02	0.73	9.016e-05
1_151848126_A_T	7.630e-02	0.62	9.047e-05
18_57704553_A_G	8.550e-02	0.73	9.078e-05
20_51734325_A_G	1.623e-01	0.08	9.098e-05
1_151841770_A_T	7.830e-02	0.62	9.127e-05
3_150697733_G_T	7.760e-02	0.50	9.273e-05
2_203062103_T_C	-7.360e-02	0.41	9.283e-05
17_43899786_C_T	-1.011e-01	0.23	9.294e-05
2_50443675_T_C	-1.968e-01	0.04	9.325e-05
9_97265947_A_G	-7.590e-02	0.46	9.353e-05
15_62160453_G_C	7.440e-02	0.52	9.391e-05
3_150691112_G_A	7.720e-02	0.51	9.471e-05
15_62131989_T_C	7.620e-02	0.46	9.493e-05
11_12228679_G_C	8.020e-02	0.32	9.519e-05
4_177454040_C_T	7.460e-02	0.47	9.528e-05
13_94501761_C_G	8.440e-02	0.25	9.53e-05
15_62169687_C_G	7.430e-02	0.51	9.551e-05
10_103023197_C_T	-2.123e-01	0.03	9.569e-05
2_203194062_G_A	1.128e-01	0.14	9.604e-05
16_22757623_A_G	2.063e-01	0.03	9.636e-05
15_62155282_A_G	7.550e-02	0.50	9.659e-05
1_116497290_G_A	-1.463e-01	0.05	9.664e-05
15_62157151_T_C	7.430e-02	0.52	9.668e-05
8_9206678_G_A	1.058e-01	0.88	9.712e-05
17_43775546_A_G	-9.510e-02	0.23	9.745e-05
6_110564219_C_A	-2.250e-01	0.05	9.787e-05
8_9199305_T_C	-1.115e-01	0.10	9.788e-05
3_150693325_C_G	7.730e-02	0.51	9.841e-05
2_203208693_A_G	1.125e-01	0.14	9.848e-05
2_203062538_A_G	-7.330e-02	0.41	9.886e-05
7_64224313_C_A	3.471e-01	0.03	9.894e-05
2_50346875_C_T	-8.670e-02	0.23	9.946e-05
6_19806259_T_C	1.174e-01	0.12	1e-04
