10_62279124_C_T	2.979e-01	0.09	5.544E-10
10_62274737_T_G	2.992e-01	0.09	5.545E-10
10_62322034_T_C	2.709e-01	0.08	6.973E-10
10_62105053_C_T	3.106e-01	0.08	1.31E-9
10_62300383_A_G	2.808e-01	0.09	1.851E-9
10_62294814_C_T	2.814e-01	0.09	1.903E-9
10_62298616_C_T	2.805e-01	0.09	2.035E-9
10_62136206_T_G	3.011e-01	0.08	2.33E-9
10_62097331_C_T	3.079e-01	0.08	3.336E-9
10_62326687_C_T	2.537e-01	0.08	3.728E-9
10_62098952_G_A	3.048e-01	0.08	3.834E-9
10_62179812_C_T	2.972e-01	0.08	4.012E-9
6_152790573_G_T	1.427e-01	0.36	4.329E-9
10_62151015_C_T	2.992e-01	0.08	4.697E-9
6_152795592_C_G	1.421e-01	0.40	5.179E-9
6_152795590_T_C	1.421e-01	0.40	5.278E-9
10_62146576_T_C	3.002e-01	0.08	5.288E-9
10_62161618_A_G	2.992e-01	0.09	5.504E-9
10_62060382_C_G	3.092e-01	0.09	5.592E-9
10_62071041_G_T	3.091e-01	0.06	5.751E-9
10_62181128_G_A	2.921e-01	0.08	6.71E-9
10_62136279_C_T	2.969e-01	0.08	6.734E-9
10_62156154_A_G	2.975e-01	0.08	7.466E-9
12_49479968_A_C	1.372e-01	0.48	9.386E-9
6_152792213_T_C	1.403e-01	0.43	1.078E-8
6_152796608_T_A	1.392e-01	0.43	1.542E-8
6_152772264_A_G	1.373e-01	0.44	2.472E-8
11_79077193_A_G	1.672e-01	0.18	2.662E-8
6_152722715_A_C	1.320e-01	0.42	3.186E-8
6_152717317_G_A	1.324e-01	0.39	3.348E-8
6_152793412_C_A	1.502e-01	0.76	3.395E-8
6_152714606_G_T	1.322e-01	0.39	3.507E-8
6_152714446_C_A	1.319e-01	0.39	3.669E-8
6_152712752_C_T	1.318e-01	0.39	3.709E-8
6_152712905_A_G	1.319e-01	0.39	3.743E-8
6_152774033_G_A	1.301e-01	0.44	3.759E-8
6_152773959_A_C	1.301e-01	0.44	3.878E-8
6_152773997_T_G	1.301e-01	0.44	3.905E-8
10_62282834_C_T	2.385e-01	0.11	4.229E-8
10_62152938_G_C	2.762e-01	0.08	4.439E-8
11_79075852_A_T	1.635e-01	0.18	4.603E-8
6_152837312_A_G	1.328e-01	0.57	4.727E-8
6_152718362_G_T	1.309e-01	0.39	4.883E-8
6_152775232_T_C	1.289e-01	0.44	5.057E-8
10_62285338_G_A	2.360e-01	0.11	5.923E-8
6_152710864_C_G	1.295e-01	0.42	6.405E-8
6_152711002_T_C	1.294e-01	0.36	6.689E-8
6_152752748_C_T	1.297e-01	0.41	6.768E-8
6_152752312_C_A	1.297e-01	0.35	6.785E-8
12_49478812_T_G	1.287e-01	0.43	6.793E-8
10_62288445_T_C	2.352e-01	0.11	6.857E-8
6_152834494_C_T	1.295e-01	0.43	6.912E-8
10_62185494_C_T	2.683e-01	0.09	7.016E-8
6_152752324_T_C	1.294e-01	0.41	7.085E-8
12_49472965_G_A	1.287e-01	0.43	7.108E-8
6_152776331_G_C	1.271e-01	0.43	7.116E-8
11_79068394_A_G	1.626e-01	0.17	7.264E-8
12_49478658_T_C	1.285e-01	0.43	7.281E-8
6_152718505_C_T	1.283e-01	0.38	7.689E-8
6_152779714_G_C	1.269e-01	0.43	7.946E-8
6_152781739_A_G	1.269e-01	0.43	7.971E-8
6_152779513_C_G	1.268e-01	0.43	8.137E-8
12_49422094_A_G	1.307e-01	0.37	8.272E-8
6_152802114_A_G	1.494e-01	0.40	8.281E-8
6_152782628_C_T	1.267e-01	0.43	8.389E-8
6_152751558_C_T	1.287e-01	0.41	8.486E-8
12_49467076_A_C	1.279e-01	0.43	8.812E-8
12_49464449_A_G	1.279e-01	0.43	8.911E-8
6_152802297_T_C	1.274e-01	0.44	8.956E-8
6_152727331_C_A	1.281e-01	0.40	8.973E-8
11_79083620_T_A	1.703e-01	0.14	9.245E-8
6_152789197_A_G	1.262e-01	0.43	9.321E-8
6_152782933_G_A	1.262e-01	0.43	9.481E-8
6_152719602_G_A	1.273e-01	0.39	9.622E-8
6_152722228_A_G	1.270e-01	0.39	9.819E-8
6_152838121_A_T	1.294e-01	0.57	9.917E-8
6_152720411_T_A	1.272e-01	0.39	1.006E-7
6_152760906_G_A	1.262e-01	0.35	1.037E-7
11_79062930_T_C	1.609e-01	0.17	1.057E-7
6_152823338_C_T	1.279e-01	0.44	1.146E-7
6_152711395_T_A	1.266e-01	0.39	1.228E-7
6_152719218_C_G	1.262e-01	0.39	1.229E-7
6_152726197_G_C	1.268e-01	0.42	1.235E-7
12_49457635_G_A	1.291e-01	0.35	1.236E-7
6_152805889_C_T	1.256e-01	0.44	1.267E-7
6_152751017_G_A	1.269e-01	0.35	1.294E-7
11_79067674_A_G	1.602e-01	0.17	1.298E-7
11_79083249_C_T	1.681e-01	0.14	1.433E-7
6_152728760_C_T	1.262e-01	0.42	1.436E-7
6_152728593_G_A	1.259e-01	0.40	1.535E-7
6_152819159_C_A	1.246e-01	0.44	1.569E-7
6_152787684_G_A	1.257e-01	0.43	1.621E-7
6_152728776_C_T	1.258e-01	0.40	1.661E-7
6_152718491_G_A	1.249e-01	0.42	1.703E-7
6_152810630_A_G	1.241e-01	0.44	1.721E-7
12_49427652_C_T	1.278e-01	0.35	1.73E-7
6_152867898_C_T	1.276e-01	0.58	1.761E-7
12_49408440_A_T	1.278e-01	0.35	1.793E-7
12_49430094_C_T	1.276e-01	0.35	1.816E-7
12_49398862_G_A	1.273e-01	0.35	1.956E-7
12_49419308_T_C	1.273e-01	0.35	1.977E-7
3_52835354_C_T	-1.341e-01	0.39	1.995E-7
6_152865466_A_T	1.267e-01	0.65	2.048E-7
6_152841248_G_A	1.259e-01	0.64	2.084E-7
12_49485373_C_G	1.403e-01	0.36	2.141E-7
11_79067472_A_C	1.570e-01	0.17	2.2E-7
6_152762589_A_G	1.225e-01	0.41	2.303E-7
11_79078669_A_G	1.564e-01	0.18	2.405E-7
12_49390677_T_C	1.272e-01	0.36	2.531E-7
12_49474605_C_T	1.260e-01	0.38	2.681E-7
6_152766186_G_A	1.222e-01	0.44	3.034E-7
6_152747862_G_C	1.229e-01	0.35	3.056E-7
6_152768194_C_T	1.215e-01	0.44	3.51E-7
6_152768796_T_G	1.213e-01	0.44	3.604E-7
6_152766142_C_G	1.215e-01	0.44	3.671E-7
11_79060796_T_A	1.481e-01	0.19	3.83E-7
6_152733593_G_A	1.211e-01	0.42	4.037E-7
2_97410949_A_G	-1.272e-01	0.33	4.197E-7
6_152852259_C_G	1.228e-01	0.65	4.281E-7
6_152848898_A_G	1.231e-01	0.65	4.298E-7
11_79057097_C_T	1.537e-01	0.18	4.329E-7
2_97405440_G_A	-1.311e-01	0.33	4.589E-7
6_152732714_A_G	1.206e-01	0.37	4.607E-7
12_49436724_A_G	1.252e-01	0.30	5.048E-7
6_152732618_G_T	1.199e-01	0.39	5.189E-7
3_52584787_T_C	-1.196e-01	0.43	5.45E-7
3_52831701_C_G	-1.361e-01	0.35	5.502E-7
3_52809193_G_A	-1.354e-01	0.35	6.139E-7
3_52822921_C_T	-1.234e-01	0.41	6.479E-7
12_49402393_G_C	1.243e-01	0.30	6.563E-7
3_52805093_A_G	-1.177e-01	0.44	6.641E-7
3_52823126_G_A	-1.225e-01	0.41	6.683E-7
3_52584715_A_G	-1.167e-01	0.44	6.825E-7
6_152731398_A_C	1.189e-01	0.37	6.848E-7
3_52697163_A_G	-1.185e-01	0.43	7.161E-7
12_49416944_T_C	1.237e-01	0.30	7.246E-7
3_52807736_A_G	-1.220e-01	0.42	7.277E-7
12_49424616_G_A	1.235e-01	0.30	7.527E-7
3_52707026_G_A	-1.188e-01	0.43	7.717E-7
19_13174312_G_A	-1.417e-01	0.34	7.847E-7
3_52833219_G_A	-1.268e-01	0.38	8.201E-7
19_13153035_G_A	-1.400e-01	0.35	8.363E-7
3_52727257_G_A	-1.159e-01	0.44	8.554E-7
3_52678370_C_T	-1.160e-01	0.44	8.631E-7
3_52643685_T_C	-1.172e-01	0.43	8.702E-7
3_52726695_C_T	-1.181e-01	0.42	8.735E-7
3_52692721_T_C	-1.175e-01	0.44	8.77E-7
3_52694198_C_T	-1.158e-01	0.44	8.887E-7
12_49498130_G_T	1.228e-01	0.36	8.889E-7
3_52797634_G_C	-1.183e-01	0.42	8.969E-7
3_52718154_A_T	-1.179e-01	0.42	9.024E-7
3_52682946_C_A	-1.172e-01	0.43	9.29E-7
3_52721305_G_A	-1.179e-01	0.42	9.349E-7
3_52837793_T_C	-1.216e-01	0.51	9.381E-7
3_52809525_T_C	-1.224e-01	0.42	9.572E-7
3_52692124_G_A	-1.155e-01	0.44	9.73E-7
3_52666650_A_T	-1.170e-01	0.43	9.743E-7
3_52659963_G_A	-1.168e-01	0.43	9.879E-7
3_52740182_C_G	-1.178e-01	0.43	1.001E-6
3_52643307_A_G	-1.150e-01	0.44	1.025E-6
3_52795224_A_T	-1.189e-01	0.42	1.033E-6
3_52680823_C_T	-1.221e-01	0.42	1.037E-6
3_52672167_C_A	-1.166e-01	0.43	1.049E-6
3_52741160_G_A	-1.150e-01	0.44	1.052E-6
3_52675055_A_C	-1.166e-01	0.43	1.053E-6
3_52657002_T_C	-1.166e-01	0.43	1.056E-6
3_52678270_G_C	-1.165e-01	0.42	1.063E-6
3_52719398_C_A	-1.151e-01	0.44	1.083E-6
3_52641255_T_C	-1.150e-01	0.44	1.084E-6
3_52744460_A_G	-1.148e-01	0.44	1.11E-6
3_52593138_A_G	-1.150e-01	0.44	1.116E-6
3_52731598_T_C	-1.147e-01	0.44	1.123E-6
3_52743384_G_A	-1.147e-01	0.44	1.126E-6
11_79059444_A_G	1.396e-01	0.19	1.128E-6
3_52642487_T_C	-1.164e-01	0.43	1.147E-6
3_52738165_T_C	-1.144e-01	0.44	1.167E-6
3_52793602_C_T	-1.146e-01	0.44	1.223E-6
3_52718280_G_T	-1.141e-01	0.44	1.224E-6
3_52731269_T_C	-1.143e-01	0.43	1.226E-6
3_52818579_G_A	-1.193e-01	0.41	1.247E-6
3_52766606_G_A	-1.171e-01	0.42	1.259E-6
3_52819327_T_A	-1.222e-01	0.43	1.271E-6
11_79085846_A_G	1.567e-01	0.14	1.302E-6
3_52710636_A_G	-1.159e-01	0.43	1.318E-6
3_52609362_T_C	-1.143e-01	0.44	1.342E-6
12_2419896_A_T	-1.397e-01	0.76	1.353E-6
3_52593230_C_T	-1.141e-01	0.44	1.365E-6
2_97413488_C_G	-1.228e-01	0.32	1.367E-6
3_52780509_A_T	-1.137e-01	0.44	1.373E-6
3_52610415_T_C	-1.142e-01	0.44	1.381E-6
3_52618018_T_C	-1.140e-01	0.44	1.44E-6
19_13158678_T_C	-1.372e-01	0.35	1.504E-6
12_49501398_C_T	-1.223e-01	0.60	1.507E-6
3_52618319_A_C	-1.150e-01	0.42	1.516E-6
3_52642936_A_T	-1.147e-01	0.43	1.531E-6
3_52615227_G_C	-1.136e-01	0.44	1.547E-6
3_52781539_T_G	-1.153e-01	0.42	1.575E-6
3_52629386_T_C	-1.148e-01	0.43	1.578E-6
6_152728814_C_A	1.143e-01	0.40	1.598E-6
3_52617802_T_G	-1.135e-01	0.44	1.606E-6
3_52585760_G_C	-1.147e-01	0.42	1.634E-6
3_52610651_T_A	-1.147e-01	0.42	1.644E-6
3_52628816_A_G	-1.146e-01	0.42	1.655E-6
3_52847601_C_T	-1.188e-01	0.50	1.688E-6
3_52787603_T_C	-1.143e-01	0.43	1.695E-6
3_52785168_A_C	-1.151e-01	0.43	1.797E-6
3_52585990_A_G	-1.141e-01	0.42	1.802E-6
11_66551002_G_C	-1.275e-01	0.25	1.829E-6
3_52626646_A_G	-1.125e-01	0.43	1.853E-6
3_52821011_A_G	-1.186e-01	0.40	1.903E-6
2_97423626_T_C	-1.156e-01	0.40	1.93E-6
3_52845105_T_C	-1.180e-01	0.50	1.931E-6
3_52606292_C_T	-1.125e-01	0.44	1.936E-6
4_86967830_C_T	1.116e-01	0.36	1.951E-6
2_97400324_A_G	-1.158e-01	0.40	1.956E-6
3_52596398_T_C	-1.137e-01	0.42	1.957E-6
3_52599922_G_A	-1.138e-01	0.42	1.976E-6
4_87021505_G_A	1.148e-01	0.30	2.015E-6
4_87021938_G_A	1.155e-01	0.31	2.037E-6
3_52597664_G_A	-1.137e-01	0.42	2.043E-6
11_66551143_C_T	-1.270e-01	0.25	2.055E-6
2_97441643_A_G	-1.155e-01	0.40	2.057E-6
3_52825585_T_C	-1.171e-01	0.39	2.061E-6
3_52825462_A_G	-1.171e-01	0.39	2.081E-6
3_52668119_G_T	-1.199e-01	0.43	2.084E-6
15_38986368_G_T	-1.222e-01	0.26	2.104E-6
2_97447831_T_A	-1.154e-01	0.40	2.105E-6
4_86966103_G_A	1.112e-01	0.36	2.113E-6
3_52828628_C_T	-1.169e-01	0.39	2.154E-6
3_52825528_T_C	-1.169e-01	0.39	2.172E-6
3_52826846_G_A	-1.168e-01	0.39	2.218E-6
2_97439001_A_T	-1.150e-01	0.40	2.229E-6
3_52824095_T_G	-1.168e-01	0.39	2.25E-6
3_52770277_T_C	-1.128e-01	0.43	2.279E-6
11_66493825_C_T	-1.263e-01	0.25	2.319E-6
3_52778347_T_C	-1.127e-01	0.43	2.365E-6
6_152842018_C_T	1.241e-01	0.73	2.389E-6
3_52826707_G_A	-1.163e-01	0.39	2.413E-6
3_52826276_T_C	-1.161e-01	0.39	2.545E-6
3_53832903_T_G	-1.190e-01	0.41	2.564E-6
2_97463529_G_A	-1.150e-01	0.41	2.603E-6
11_66583759_A_G	-1.256e-01	0.25	2.656E-6
12_49442813_T_C	1.279e-01	0.24	2.691E-6
2_97463095_T_C	-1.146e-01	0.41	2.74E-6
3_52821177_A_C	-1.163e-01	0.40	2.873E-6
2_97454705_C_T	-1.172e-01	0.40	2.875E-6
3_52728804_C_T	-1.123e-01	0.42	2.94E-6
3_52820981_A_T	-1.163e-01	0.40	2.998E-6
3_52823448_T_C	-1.151e-01	0.39	3.073E-6
4_87015366_C_T	1.094e-01	0.35	3.089E-6
4_87019904_G_A	1.125e-01	0.30	3.129E-6
15_38988815_C_G,T	-1.188e-01	0.25	3.205E-6
2_97459920_A_G	-1.134e-01	0.40	3.332E-6
4_87019238_A_G	1.089e-01	0.36	3.443E-6
15_38988760_T_A	-1.184e-01	0.25	3.484E-6
4_87001823_C_T	1.085e-01	0.36	3.602E-6
3_52817675_G_A	-1.152e-01	0.40	3.616E-6
4_87011304_G_A	1.084e-01	0.36	3.624E-6
4_86998264_T_G	1.086e-01	0.36	3.63E-6
4_86990027_C_T	1.085e-01	0.36	3.659E-6
3_52817778_G_A	-1.152e-01	0.40	3.685E-6
3_52815905_T_C	-1.108e-01	0.51	3.716E-6
4_87008696_C_T	1.084e-01	0.36	3.784E-6
4_87004521_C_T	1.083e-01	0.36	3.811E-6
4_87020489_A_G	1.145e-01	0.36	3.814E-6
3_53832712_G_A	-1.172e-01	0.41	3.837E-6
11_66610645_G_C	-1.236e-01	0.23	3.838E-6
2_65758525_T_C	-1.107e-01	0.60	3.918E-6
19_49228272_T_C	1.155e-01	0.47	3.997E-6
4_87014806_C_G	1.078e-01	0.36	4.163E-6
2_65758355_A_G	-1.105e-01	0.60	4.236E-6
7_1950809_C_T	1.425e-01	0.19	4.276E-6
12_49219138_C_G	1.730e-01	0.17	4.341E-6
11_66560023_A_G	-1.227e-01	0.25	4.355E-6
2_99382892_T_G	1.090e-01	0.48	4.42E-6
15_38988391_G_C	-1.171e-01	0.25	4.43E-6
12_49506940_G_C	1.137e-01	0.33	4.535E-6
7_1952139_T_C	-1.420e-01	0.81	4.586E-6
11_79144856_C_G	1.706e-01	0.09	4.605E-6
10_105377349_C_T	-1.131e-01	0.34	4.783E-6
12_49505184_C_T	1.133e-01	0.34	4.784E-6
12_49389320_A_C	1.156e-01	0.37	4.797E-6
3_36864489_T_G	1.116e-01	0.35	4.797E-6
12_49498751_G_A	1.133e-01	0.34	4.798E-6
10_105362104_G_A	-1.223e-01	0.34	4.823E-6
4_86983232_T_C	1.071e-01	0.36	5.022E-6
15_38986813_C_T	-1.164e-01	0.25	5.098E-6
9_4941997_G_C	1.533e-01	0.81	5.147E-6
12_49494025_T_C	1.131e-01	0.33	5.155E-6
3_53822893_G_A	-1.160e-01	0.38	5.158E-6
2_65759764_T_C	-1.094e-01	0.60	5.252E-6
4_162279385_C_A	-1.511e-01	0.14	5.389E-6
12_49497643_T_A,G	1.128e-01	0.34	5.395E-6
12_49500509_C_T	1.125e-01	0.34	5.458E-6
3_36885392_T_C	1.108e-01	0.36	5.48E-6
3_52650348_G_A	-1.163e-01	0.37	5.632E-6
7_1950337_G_A	1.406e-01	0.19	5.85E-6
1_79254762_C_G	-1.173e-01	0.34	5.927E-6
15_86027453_A_G	6.394e-01	0.38	5.946E-6
2_99384070_A_T	1.060e-01	0.43	6.044E-6
1_101978334_T_C	1.232e-01	0.74	6.064E-6
2_99384371_G_A	1.073e-01	0.48	6.072E-6
2_65760483_C_T	-1.087e-01	0.60	6.126E-6
10_62395518_G_A	2.225e-01	0.11	6.151E-6
3_36856030_T_C	1.060e-01	0.51	6.186E-6
2_99383330_G_A	1.058e-01	0.43	6.279E-6
1_175289399_C_T	-1.425e-01	0.16	6.32E-6
1_78469660_A_G	1.080e-01	0.43	6.408E-6
10_62371953_G_T	1.533e-01	0.13	6.429E-6
3_36883369_T_C	1.101e-01	0.36	6.525E-6
3_36887973_C_G	1.100e-01	0.36	6.618E-6
12_2420377_T_C	-1.275e-01	0.77	6.78E-6
3_52833805_C_A	-1.109e-01	0.49	6.849E-6
2_65763645_A_T	-1.081e-01	0.60	6.896E-6
3_36878970_A_G	1.096e-01	0.36	7.026E-6
15_38988097_G_T	-1.145e-01	0.25	7.036E-6
2_65774687_T_A	-1.069e-01	0.56	7.039E-6
2_99384024_G_C	1.051e-01	0.43	7.216E-6
3_52831009_C_T	-1.116e-01	0.38	7.254E-6
2_99389707_A_G	1.079e-01	0.49	7.287E-6
10_62375046_G_A	1.523e-01	0.13	7.38E-6
3_36862980_C_T	1.093e-01	0.36	7.431E-6
11_79123883_C_T	1.395e-01	0.15	7.454E-6
10_62371079_C_T	1.539e-01	0.13	7.462E-6
12_49509262_A_G	1.109e-01	0.34	7.495E-6
2_65753994_C_G	-1.050e-01	0.52	7.524E-6
3_53824136_C_T	-1.173e-01	0.39	7.546E-6
3_36878086_A_G	1.093e-01	0.36	7.619E-6
15_38990171_C_T	-1.138e-01	0.25	7.662E-6
7_1937261_G_A	1.386e-01	0.20	7.755E-6
2_99386960_G_A	1.078e-01	0.51	7.767E-6
3_36861196_T_G	1.091e-01	0.36	7.79E-6
3_36871894_C_A	1.092e-01	0.36	7.857E-6
12_2420526_G_A	-1.269e-01	0.78	7.909E-6
3_52720080_A_C	-1.055e-01	0.53	7.915E-6
10_61839831_C_T	-1.532e-01	0.23	7.946E-6
3_52648265_T_C	-1.154e-01	0.58	7.987E-6
1_175309281_C_T	-1.440e-01	0.15	8.013E-6
3_36871993_C_T	1.090e-01	0.36	8.027E-6
2_65772956_C_G	-1.063e-01	0.56	8.055E-6
1_41839822_G_T	1.143e-01	0.30	8.238E-6
3_52827915_C_T	-1.109e-01	0.38	8.35E-6
1_41840197_G_A	1.141e-01	0.30	8.352E-6
11_79127329_G_C	1.305e-01	0.16	8.491E-6
11_66626234_T_C	-1.177e-01	0.26	8.571E-6
9_4944004_A_T	1.487e-01	0.80	8.633E-6
1_79252228_T_A	-1.143e-01	0.34	8.653E-6
11_66621383_C_T	-1.178e-01	0.26	8.667E-6
3_36878563_A_G	1.086e-01	0.36	8.687E-6
6_152718622_T_C	1.712e-01	0.22	8.905E-6
3_36871507_T_C	1.086e-01	0.36	8.928E-6
4_86979082_C_T	-1.532e-01	0.40	9.134E-6
8_142300315_T_G	1.254e-01	0.37	9.358E-6
10_62359859_A_G	1.521e-01	0.13	9.525E-6
2_65759671_A_G	-1.037e-01	0.52	9.662E-6
9_4942778_G_C	1.478e-01	0.79	9.831E-6
12_2386948_C_T	1.079e-01	0.33	0.00001007
1_175294275_G_A	-1.412e-01	0.15	0.00001012
3_52852538_G_T	-1.186e-01	0.30	0.00001018
7_2341055_C_T	-1.250e-01	0.34	0.00001019
11_79129616_A_G	1.294e-01	0.15	0.00001029
3_53789172_T_C	-1.212e-01	0.25	0.00001029
10_105352990_G_T	-1.059e-01	0.37	0.00001036
20_41219419_C_G	-3.655e-01	0.02	0.00001041
3_36894048_C_T	1.077e-01	0.36	0.00001066
2_194872183_C_G	-1.374e-01	0.25	0.0000107
3_52855229_T_C	-1.181e-01	0.30	0.00001073
12_49218171_A_G	1.061e-01	0.60	0.00001077
3_52853747_C_G	-1.181e-01	0.30	0.00001087
3_52588640_G_A	-9.029e-01	0.04	0.00001117
7_2332968_G_T	-1.243e-01	0.34	0.00001132
7_2298227_C_T	-1.220e-01	0.34	0.00001157
3_52745087_T_C	1.133e-01	0.42	0.00001171
3_52649748_A_G	-1.036e-01	0.52	0.00001179
10_105350447_C_T	-1.052e-01	0.37	0.00001181
8_142312921_G_A	1.164e-01	0.54	0.00001188
2_99389870_T_G	1.062e-01	0.51	0.00001199
2_169166282_T_C	1.629e-01	0.12	0.00001217
3_52637486_C_G	-1.128e-01	0.58	0.00001266
10_80935083_G_C	1.154e-01	0.54	0.00001281
1_175312984_T_A	-1.397e-01	0.15	0.00001289
1_175290566_G_A	-1.395e-01	0.15	0.00001301
12_2387099_C_T	1.064e-01	0.33	0.00001303
15_38479899_A_G	1.724e-01	0.10	0.00001306
3_36896235_C_T	1.067e-01	0.35	0.00001309
12_49509441_C_G	1.078e-01	0.35	0.00001312
1_115873047_G_T	-1.374e-01	0.81	0.00001338
20_41239728_G_A	-3.533e-01	0.02	0.00001353
14_51525473_A_G	1.159e-01	0.26	0.00001362
3_36848316_C_T	1.079e-01	0.34	0.00001364
11_66650248_C_A	-1.151e-01	0.25	0.00001391
20_41240662_T_C	-3.527e-01	0.02	0.00001392
11_79121342_T_G	1.572e-01	0.10	0.00001403
11_66649612_A_G	-1.147e-01	0.26	0.00001406
10_105349816_G_A	-1.043e-01	0.37	0.00001414
2_154203430_T_C	1.440e-01	0.80	0.00001462
11_79129926_G_C	1.312e-01	0.16	0.00001481
4_23739736_A_G	-1.147e-01	0.75	0.00001496
3_36844071_C_T	1.119e-01	0.34	0.000015
8_142310657_T_C	1.134e-01	0.54	0.00001518
20_46796076_T_C	1.239e-01	0.20	0.00001538
3_53800143_T_C	-1.186e-01	0.25	0.00001548
12_2344644_G_A	1.054e-01	0.32	0.00001551
20_54220538_G_A	1.406e-01	0.25	0.00001552
6_30997692_G_C	1.135e-01	0.76	0.00001552
20_46798563_G_A	1.238e-01	0.20	0.00001555
11_79173703_C_T	1.378e-01	0.14	0.0000157
3_53799960_T_C	-1.184e-01	0.26	0.00001573
13_46280754_A_G	1.003e-01	0.48	0.00001582
12_2348844_G_C	1.054e-01	0.32	0.00001586
20_41240905_T_C	-3.497e-01	0.02	0.00001607
16_53594370_T_G	1.078e-01	0.33	0.00001608
1_175296229_T_C	-1.381e-01	0.16	0.00001611
20_41239715_T_C	-3.498e-01	0.03	0.00001615
20_41240818_G_A	-3.491e-01	0.02	0.00001667
3_52860816_C_T	-1.740e-01	0.12	0.0000168
1_78400540_A_C	1.033e-01	0.44	0.00001714
17_55607591_T_C	-1.217e-01	0.67	0.00001718
7_2330496_A_G	-1.180e-01	0.41	0.00001723
3_36843149_G_A	1.067e-01	0.34	0.00001729
12_2345295_G_A	1.046e-01	0.32	0.00001734
12_2349584_G_C	1.046e-01	0.32	0.00001742
1_101992222_A_G	1.377e-01	0.83	0.00001761
20_41239626_G_T	-3.483e-01	0.02	0.00001765
1_175319189_T_C	-1.379e-01	0.15	0.00001768
12_130948775_G_A	1.062e-01	0.68	0.00001776
20_41239558_T_C	-3.484e-01	0.02	0.00001785
20_41238918_T_G	-3.483e-01	0.02	0.0000181
3_52622086_G_A	-1.015e-01	0.53	0.00001817
11_79124084_A_G	1.251e-01	0.16	0.00001821
2_99886301_G_A	1.005e-01	0.45	0.00001828
8_142315175_C_G	1.234e-01	0.34	0.00001832
15_38991520_A_G	-1.089e-01	0.25	0.00001846
7_2294123_C_T	-1.199e-01	0.34	0.00001857
6_28489279_C_T	-1.699e-01	0.10	0.00001872
3_53830767_G_A	-1.096e-01	0.38	0.00001876
1_175289336_C_T	-1.367e-01	0.15	0.00001881
3_53783697_G_A	-1.201e-01	0.25	0.00001883
20_41240700_C_A	-3.407e-01	0.02	0.00001896
8_142279412_G_A	-1.094e-01	0.32	0.00001903
11_66642396_C_T	-1.131e-01	0.25	0.0000191
12_2346830_T_A	1.043e-01	0.32	0.00001935
13_51068896_G_A	1.000e-01	0.55	0.00001939
20_54217675_C_G	1.054e-01	0.34	0.00001973
8_142280083_T_C	-1.168e-01	0.59	0.00001982
11_79114684_C_T	1.563e-01	0.10	0.0000199
1_79238015_T_C	-1.063e-01	0.32	0.00001995
12_2346393_C_T	1.040e-01	0.32	0.00002002
11_79132083_G_T	1.256e-01	0.15	0.00002016
2_241739217_A_G	-1.490e-01	0.18	0.00002017
1_101985997_A_C	1.370e-01	0.83	0.0000202
11_79107807_T_G	1.539e-01	0.11	0.0000204
3_52467324_A_C	-1.752e-01	0.14	0.00002055
12_2408194_A_G	-1.044e-01	0.65	0.00002072
19_13122612_A_G	-1.129e-01	0.46	0.00002086
11_79137378_C_G	1.255e-01	0.15	0.00002098
12_49557958_C_T	1.091e-01	0.34	0.00002112
20_21769042_A_C	-2.104e-01	0.92	0.00002116
15_38977710_C_A	-1.187e-01	0.19	0.00002129
20_54223456_A_G	-1.383e-01	0.68	0.00002137
19_13109908_G_A	-1.159e-01	0.38	0.00002139
7_2339405_G_T	-1.197e-01	0.35	0.0000215
3_52536514_G_A	-1.085e-01	0.37	0.00002152
7_1964357_A_T	-1.280e-01	0.81	0.00002159
2_169143035_G_A	1.521e-01	0.14	0.00002174
11_66650060_C_T	-1.124e-01	0.25	0.00002185
8_142279383_G_C	-1.085e-01	0.32	0.00002204
7_11505200_C_T	-2.663e-01	0.06	0.00002212
11_79090800_A_G	1.649e-01	0.10	0.00002214
7_86999865_T_C	1.821e-01	0.08	0.00002226
20_41205313_G_T	-2.102e-01	0.07	0.00002228
14_33933276_C_G	1.302e-01	0.79	0.00002272
15_38960882_A_C	-1.342e-01	0.16	0.00002305
1_198451541_T_C	2.563e-01	0.04	0.00002339
12_2361460_C_T	1.033e-01	0.33	0.00002344
6_112962393_G_A	-1.635e-01	0.10	0.00002353
12_49529605_A_T	1.103e-01	0.35	0.00002372
7_2002733_T_C	1.216e-01	0.23	0.00002375
20_41232212_C_T	-3.454e-01	0.02	0.00002378
3_53821207_C_T	-1.053e-01	0.40	0.00002383
12_49525884_A_G	1.051e-01	0.35	0.00002387
11_79106804_C_T	1.518e-01	0.11	0.00002415
1_30445050_T_C	-1.090e-01	0.70	0.00002439
7_11504966_C_G	-2.645e-01	0.07	0.00002449
11_66662731_G_A	-1.068e-01	0.33	0.00002454
2_181757693_A_G	2.052e-01	0.07	0.00002484
3_53778875_G_T,A	-1.179e-01	0.25	0.00002528
20_61046426_A_T	-1.131e-01	0.56	0.00002536
11_79105799_A_C	1.514e-01	0.11	0.00002552
20_41239845_C_T	-3.367e-01	0.02	0.0000257
20_21775783_A_G	-2.079e-01	0.94	0.00002584
20_54222403_T_C	-1.058e-01	0.68	0.00002598
7_87036105_G_A	1.833e-01	0.09	0.00002599
2_181754451_T_C	2.285e-01	0.07	0.00002609
1_101986109_A_C	9.773e-02	0.49	0.00002615
3_152432042_C_T	-1.063e-01	0.69	0.00002618
12_49524587_G_C	1.045e-01	0.35	0.00002619
1_102033539_C_T	1.068e-01	0.39	0.0000262
7_11500052_C_T	-2.651e-01	0.06	0.00002627
9_4943454_C_T	1.386e-01	0.79	0.00002633
2_60899462_T_C	1.791e-01	0.13	0.00002654
20_21776826_T_G	-2.075e-01	0.94	0.00002656
20_54214125_G_A	1.070e-01	0.31	0.00002656
20_41232037_G_A	-3.436e-01	0.02	0.00002704
12_49523713_A_G	1.044e-01	0.35	0.00002708
13_23747532_A_G	1.689e-01	0.11	0.00002708
6_119150813_T_C	-1.208e-01	0.79	0.0000271
12_49534723_A_G	1.038e-01	0.35	0.00002716
1_210536278_C_A	1.364e-01	0.14	0.00002734
12_49531458_T_C	1.036e-01	0.35	0.00002773
1_61018307_C_A	1.017e-01	0.32	0.0000279
12_49539892_C_T	1.037e-01	0.35	0.00002802
16_53587920_G_A	1.034e-01	0.32	0.00002803
4_118732670_C_T	1.010e-01	0.44	0.00002809
20_46803876_G_A	1.240e-01	0.20	0.00002811
4_118710664_T_G	9.803e-02	0.44	0.00002858
14_24381515_T_C	1.783e-01	0.09	0.00002869
6_16650128_G_A	-9.949e-02	0.49	0.00002893
2_181747167_A_T	2.646e-01	0.07	0.00002912
11_79092527_C_T	1.528e-01	0.10	0.00002913
12_2368674_C_T	1.020e-01	0.33	0.00002924
2_181747576_G_A	2.042e-01	0.07	0.00002939
12_123131824_C_A	1.088e-01	0.72	0.00002949
2_181755429_G_C	2.015e-01	0.07	0.00003009
1_102035644_A_T	1.122e-01	0.40	0.00003013
12_49545640_G_A	1.033e-01	0.35	0.00003018
9_80226683_C_T	2.063e-01	0.06	0.00003023
4_118716488_A_G	9.773e-02	0.44	0.00003027
11_79093474_C_G	1.525e-01	0.10	0.00003048
1_102034837_A_C	1.071e-01	0.39	0.0000306
2_99888457_C_T	9.783e-02	0.45	0.0000306
1_102039065_C_G	1.100e-01	0.39	0.00003061
6_16647158_G_A	-9.882e-02	0.51	0.00003062
4_118710188_A_G	9.773e-02	0.44	0.00003063
3_152392877_T_G	-1.034e-01	0.68	0.00003078
3_104646971_A_G	-1.178e-01	0.78	0.00003085
1_102033368_A_G	1.051e-01	0.39	0.00003093
7_86995922_T_C	1.786e-01	0.08	0.00003093
1_79144319_T_C	1.402e-01	0.19	0.00003096
4_118729301_T_C	9.767e-02	0.44	0.00003109
6_152797353_C_T	1.373e-01	0.17	0.00003112
20_41240852_C_T	-3.328e-01	0.02	0.00003116
12_49521672_G_A	1.035e-01	0.34	0.00003122
4_118726622_G_A	9.749e-02	0.44	0.00003123
16_53571163_A_T	1.033e-01	0.33	0.00003129
20_54224063_A_G	-1.046e-01	0.68	0.0000314
2_97351840_A_G	-1.054e-01	0.44	0.00003141
7_2272936_A_G	-1.089e-01	0.34	0.00003171
2_181749840_G_A	2.034e-01	0.07	0.00003174
3_52936763_C_T	1.014e-01	0.62	0.0000318
3_53777176_T_C	-1.164e-01	0.26	0.00003184
1_210536387_T_C	1.352e-01	0.14	0.00003206
4_118695598_G_A	9.740e-02	0.44	0.0000322
4_118708424_G_A	9.740e-02	0.44	0.00003221
4_118710038_G_A	9.749e-02	0.42	0.00003227
3_52953844_A_G	1.015e-01	0.61	0.00003238
11_79100156_C_T	1.492e-01	0.11	0.00003267
12_60353532_C_T	-1.253e-01	0.23	0.00003268
6_205800_A_G	-1.555e-01	0.20	0.00003289
1_79131132_A_G	1.408e-01	0.19	0.0000329
4_118708570_C_A	9.731e-02	0.44	0.00003296
4_118709905_G_A	9.731e-02	0.44	0.000033
1_101996097_G_A	9.876e-02	0.49	0.00003301
2_194994028_G_T	-1.286e-01	0.27	0.00003307
12_49190992_T_C	1.179e-01	0.21	0.00003314
8_68735398_T_C	1.520e-01	0.80	0.00003316
4_118715022_T_C	9.731e-02	0.44	0.00003326
4_118709935_C_G	9.717e-02	0.44	0.00003365
12_49563266_A_G	1.043e-01	0.34	0.00003372
4_118729757_T_A	9.731e-02	0.44	0.00003384
20_54225178_T_C	-1.043e-01	0.68	0.0000339
13_46269240_C_A	1.008e-01	0.52	0.00003401
7_87028159_C_T	1.812e-01	0.08	0.00003454
8_142315838_C_T	1.102e-01	0.53	0.00003464
13_107673483_G_A	-2.195e-01	0.05	0.00003466
5_7546287_A_G	1.179e-01	0.20	0.00003471
20_54231203_C_T	-1.041e-01	0.68	0.00003484
11_66634397_C_T	-1.071e-01	0.27	0.00003493
1_102032259_G_C	1.043e-01	0.39	0.00003498
2_194990534_T_C	-1.289e-01	0.27	0.00003534
2_181779679_C_T	-2.025e-01	0.94	0.00003549
20_54231318_A_G	-1.040e-01	0.68	0.00003551
8_142257506_A_C	-1.370e-01	0.70	0.00003566
12_123144293_T_C	1.100e-01	0.72	0.00003572
4_118698636_A_C	9.685e-02	0.44	0.00003625
19_13096285_A_G	-1.088e-01	0.42	0.00003626
4_118707424_G_A	9.676e-02	0.44	0.00003627
7_2301484_A_G	-1.171e-01	0.36	0.00003637
2_65757651_C_G	1.006e-01	0.37	0.0000364
8_142283565_G_A	1.138e-01	0.39	0.0000364
20_61048931_G_A	-1.164e-01	0.62	0.00003666
8_142282006_T_C	-1.137e-01	0.60	0.0000367
7_2032803_C_T	1.204e-01	0.22	0.00003687
12_123124301_C_G	1.074e-01	0.72	0.00003695
4_118707160_A_C	9.662e-02	0.44	0.0000371
4_118728766_A_G	9.673e-02	0.44	0.00003716
14_33472423_G_T	2.526e-01	0.06	0.00003722
7_2033780_G_C	1.204e-01	0.22	0.00003722
12_49600610_C_T	1.087e-01	0.31	0.00003723
4_118727412_A_G	9.662e-02	0.44	0.00003727
4_118706598_A_G	9.662e-02	0.44	0.00003734
4_118728723_G_T	9.673e-02	0.44	0.00003736
8_142302024_C_T	-1.099e-01	0.27	0.00003766
4_118728850_T_G	9.667e-02	0.44	0.00003767
4_118698851_G_C	9.658e-02	0.44	0.0000377
4_118699635_G_A	9.658e-02	0.44	0.00003774
4_118699812_A_G	9.662e-02	0.44	0.0000378
19_49246866_A_G	-1.006e-01	0.54	0.00003781
11_79104665_G_A	1.481e-01	0.11	0.00003787
2_65726877_G_A	-1.137e-01	0.44	0.00003807
20_54233734_C_T	-1.035e-01	0.68	0.00003836
19_49241976_A_G	1.003e-01	0.46	0.0000384
2_181768804_G_A	-2.005e-01	0.91	0.00003864
7_11501136_C_T	-2.589e-01	0.06	0.00003865
8_142297744_G_A	1.170e-01	0.37	0.00003865
4_118728557_T_C	9.658e-02	0.44	0.00003871
8_142260232_G_T	-1.138e-01	0.60	0.00003873
4_118693007_T_C	9.658e-02	0.44	0.00003877
22_45530876_T_C	-1.160e-01	0.73	0.00003882
12_49596999_A_C	1.084e-01	0.31	0.00003887
1_232784258_A_C	-1.009e-01	0.44	0.00003894
20_54229447_C_A	-1.035e-01	0.68	0.0000391
7_2291399_G_A	-1.148e-01	0.37	0.00003913
22_20196469_G_A	1.777e-01	0.87	0.00003925
4_118699970_A_T	9.640e-02	0.44	0.00003948
6_152797065_G_A	1.351e-01	0.18	0.00003949
14_24382905_G_A	1.750e-01	0.09	0.00003954
4_118705883_C_T	9.629e-02	0.44	0.00003957
2_181773176_G_A	-2.003e-01	0.93	0.0000396
4_118705276_T_C	9.631e-02	0.44	0.00003962
4_118701400_C_T	9.640e-02	0.44	0.00003964
20_54219375_T_C	1.044e-01	0.32	0.0000397
20_54214545_C_T	1.078e-01	0.31	0.00003972
4_118705480_A_G	9.629e-02	0.44	0.00003976
4_118692970_C_A	9.640e-02	0.44	0.00003984
5_7519298_A_G	1.102e-01	0.22	0.00003991
4_118731269_C_T	9.640e-02	0.44	0.00003992
4_118705446_A_G	9.629e-02	0.44	0.00003996
4_118705239_G_C	9.622e-02	0.44	0.00003999
1_165380623_G_A	1.035e-01	0.68	0.00004
1_165377552_G_A	1.035e-01	0.68	0.00004003
4_118731430_C_T	9.640e-02	0.43	0.00004003
15_43393646_G_A	1.250e-01	0.17	0.00004006
20_54228437_G_A	-1.033e-01	0.68	0.00004018
6_16650050_G_A	-9.739e-02	0.46	0.00004023
3_52948332_A_G	9.982e-02	0.61	0.00004024
4_118701446_G_A	9.622e-02	0.44	0.00004029
4_118705898_G_A	9.622e-02	0.44	0.00004041
4_118696128_A_G	9.618e-02	0.43	0.00004051
2_195002547_A_T	-1.265e-01	0.28	0.00004057
4_118704668_C_T	9.618e-02	0.44	0.00004058
1_79147686_G_A	1.382e-01	0.19	0.00004061
4_118704660_T_C	9.613e-02	0.44	0.00004079
3_104663005_T_G	-1.278e-01	0.77	0.00004082
15_43128625_C_T	1.232e-01	0.17	0.00004087
4_118691176_C_A	9.622e-02	0.44	0.00004095
4_118725185_T_C	9.604e-02	0.44	0.00004138
20_46805985_T_C	1.175e-01	0.20	0.00004143
20_21780253_T_A	-2.032e-01	0.94	0.00004145
10_80964796_A_C	-1.002e-01	0.33	0.00004148
4_118695543_G_A	9.604e-02	0.44	0.00004157
14_51525686_C_T	1.103e-01	0.26	0.00004163
13_84598570_A_C	2.308e-01	0.07	0.00004168
4_118719303_A_G	9.596e-02	0.43	0.00004179
4_118694343_G_T	9.618e-02	0.44	0.00004192
8_142266691_A_C	-1.129e-01	0.60	0.00004193
2_181759805_G_A	1.993e-01	0.07	0.00004196
20_54230997_T_G	-1.029e-01	0.68	0.00004197
4_118702095_G_C	9.595e-02	0.44	0.00004201
4_118705004_T_C	9.595e-02	0.44	0.00004204
4_118703307_C_T	9.596e-02	0.44	0.00004213
4_118703546_G_A	9.595e-02	0.44	0.00004213
4_118702274_C_A	9.595e-02	0.44	0.00004216
4_118694806_C_A	9.604e-02	0.44	0.00004221
4_118702299_G_A	9.586e-02	0.44	0.00004244
4_118702237_A_C	9.596e-02	0.44	0.00004249
4_118702717_T_C	9.586e-02	0.44	0.00004252
4_118702010_C_T	9.585e-02	0.44	0.00004255
4_118704028_A_T	9.585e-02	0.44	0.00004255
4_118704169_G_A	9.586e-02	0.44	0.00004262
4_118693569_A_G	9.596e-02	0.44	0.00004271
4_118702660_A_C	9.585e-02	0.44	0.00004271
20_21782156_G_A	-2.010e-01	0.94	0.00004272
4_118702452_G_A	9.586e-02	0.44	0.00004276
2_99873658_T_A	9.576e-02	0.45	0.00004279
6_152796240_C_A	1.349e-01	0.18	0.00004281
4_118690173_T_G	9.595e-02	0.44	0.00004293
3_52956918_G_A	9.976e-02	0.61	0.0000432
1_202731213_T_C	-7.978e-01	0.06	0.00004341
4_118707190_C_A	9.567e-02	0.44	0.00004341
19_58714926_C_T	-1.213e-01	0.22	0.00004373
7_2061111_C_A	1.196e-01	0.22	0.00004375
4_118689678_G_A	9.840e-02	0.44	0.0000438
1_101945150_T_C	9.704e-02	0.42	0.00004381
3_52938092_C_G	9.971e-02	0.62	0.00004381
11_84238899_G_C	1.698e-01	0.08	0.00004382
11_79178631_C_G	1.294e-01	0.14	0.00004386
4_118706196_G_A	9.776e-02	0.44	0.00004388
12_2402246_A_G	-1.003e-01	0.66	0.00004412
3_36869439_T_C	9.631e-02	0.56	0.00004417
6_34880219_C_G	-2.221e-01	0.05	0.00004425
4_118708129_C_T	9.949e-02	0.44	0.00004433
7_87047813_T_C	1.787e-01	0.09	0.00004435
7_2278226_C_T	-1.074e-01	0.34	0.00004488
20_46806642_G_A	1.169e-01	0.20	0.00004509
12_97546392_G_A	9.613e-02	0.48	0.00004526
1_165378064_A_C	1.027e-01	0.69	0.00004527
15_43042690_G_A	1.123e-01	0.25	0.00004548
20_21770908_G_T	-1.980e-01	0.94	0.00004617
15_38987322_G_C	9.976e-02	0.55	0.00004635
1_30449982_G_A	-1.055e-01	0.70	0.00004645
2_99871370_G_A	9.586e-02	0.45	0.00004645
1_232592045_C_T	1.216e-01	0.70	0.0000467
7_2275993_G_A	-1.072e-01	0.34	0.0000467
2_53375220_A_C	-9.794e-02	0.56	0.00004682
10_129859992_T_C	-9.816e-02	0.53	0.00004696
4_118701923_C_G	9.839e-02	0.44	0.00004717
6_112955634_G_T	-1.816e-01	0.10	0.00004724
1_199122192_A_G	1.511e-01	0.19	0.00004735
20_41255777_G_A	-3.321e-01	0.27	0.00004736
16_82861814_A_G	-1.172e-01	0.23	0.00004747
15_38972177_A_G	-1.140e-01	0.19	0.0000475
19_58703085_C_G	-1.196e-01	0.22	0.00004771
16_53665337_G_A	1.017e-01	0.30	0.00004799
6_163945092_G_A	-3.025e-01	0.03	0.00004802
13_51086092_C_T	-1.088e-01	0.26	0.00004828
4_118728364_A_T	9.717e-02	0.44	0.00004889
20_54217343_A_G	1.011e-01	0.34	0.00004901
20_21788175_C_G	-2.016e-01	0.94	0.00004926
1_79146699_G_A	-1.382e-01	0.22	0.0000493
16_53655149_T_A	1.014e-01	0.31	0.00004959
11_84254393_G_T	1.688e-01	0.08	0.00004961
15_38987380_G_A	9.930e-02	0.55	0.00004988
4_118706215_C_A	1.037e-01	0.44	0.00004989
2_65758450_C_G	9.882e-02	0.37	0.00004997
3_104652489_C_T	1.656e-01	0.15	0.00005
9_135845035_G_A	1.377e-01	0.81	0.00005014
11_79191457_A_G	1.308e-01	0.15	0.00005017
19_52678171_A_G	1.473e-01	0.18	0.0000502
4_40650498_T_C	-1.255e-01	0.31	0.00005052
3_104657989_A_G	1.639e-01	0.15	0.00005106
4_152908169_G_A	9.976e-02	0.66	0.00005112
1_210536554_C_T	1.327e-01	0.14	0.00005115
13_23748557_G_A	5.282e-01	0.05	0.00005134
20_21781032_T_C	-1.967e-01	0.94	0.00005143
13_51086107_T_A	-1.080e-01	0.26	0.00005149
16_53565165_A_G	1.021e-01	0.32	0.00005193
1_79117713_A_G	1.380e-01	0.19	0.00005216
3_36859705_T_C	9.549e-02	0.56	0.00005229
1_210547486_A_G	1.326e-01	0.14	0.00005231
7_35557420_A_C	-9.713e-02	0.46	0.00005248
2_65756965_G_A	9.858e-02	0.37	0.00005259
3_104682732_A_T	1.323e-01	0.15	0.00005259
8_109158002_T_C	-9.453e-02	0.47	0.00005264
1_101945171_T_C	9.376e-02	0.50	0.00005265
12_130943793_G_A	-1.059e-01	0.31	0.00005274
15_95524230_T_A	1.406e-01	0.12	0.00005275
2_100063708_T_C	9.785e-02	0.45	0.00005276
3_104654424_G_A	1.316e-01	0.15	0.00005283
20_21814130_A_C	-1.917e-01	0.94	0.00005289
15_99940221_T_C	-1.287e-01	0.19	0.00005291
10_80939219_G_C	1.121e-01	0.62	0.00005295
16_53649168_C_T	1.009e-01	0.31	0.00005318
2_100057208_C_A	9.467e-02	0.44	0.00005328
3_53803263_G_A	-1.109e-01	0.25	0.00005331
4_162354095_C_A	-1.534e-01	0.12	0.0000544
15_43062548_T_C	1.115e-01	0.24	0.00005452
4_162284626_A_G	-9.976e-02	0.35	0.00005466
14_91138191_G_A	-1.338e-01	0.19	0.00005484
3_171524190_C_A	-9.475e-02	0.56	0.00005486
3_152328725_T_G	1.330e-01	0.15	0.0000549
12_49586490_C_T	9.960e-02	0.33	0.00005496
13_51086290_G_T	-1.079e-01	0.26	0.00005509
12_2326224_G_A	9.876e-02	0.32	0.00005535
4_40603055_C_T	9.860e-02	0.33	0.00005535
14_99729963_A_G	1.193e-01	0.46	0.00005545
4_162324909_C_A	-1.469e-01	0.12	0.00005559
15_99945673_C_G	-1.033e-01	0.29	0.00005563
6_34876320_G_T	-2.204e-01	0.05	0.00005574
14_51526083_C_G	1.086e-01	0.26	0.00005578
2_175359090_A_G	1.766e-01	0.91	0.0000559
3_104651751_T_A	1.326e-01	0.15	0.00005603
4_118689954_G_A	9.776e-02	0.44	0.00005608
16_23504993_C_T	1.218e-01	0.81	0.0000568
16_53672355_C_T	1.037e-01	0.29	0.00005689
11_116928199_G_A	2.561e-01	0.02	0.00005692
3_152331312_A_G	1.330e-01	0.15	0.00005704
6_6910197_C_G	-1.147e-01	0.26	0.00005745
15_99945881_A_G	-1.031e-01	0.29	0.00005748
5_94589705_T_C	1.017e-01	0.39	0.00005751
11_66673079_T_C	-1.078e-01	0.26	0.0000578
7_87069880_T_C	-1.137e-01	0.79	0.0000579
19_58714235_G_T	-1.164e-01	0.22	0.00005833
13_51086364_G_C	-1.076e-01	0.26	0.00005836
6_6909800_G_C	-1.145e-01	0.26	0.00005849
3_104660707_T_G	1.625e-01	0.15	0.00005851
20_33547633_T_G	1.152e-01	0.21	0.00005853
4_40648448_G_A	-1.243e-01	0.31	0.00005892
10_62604856_C_T	-1.395e-01	0.13	0.00005897
4_152907581_A_G	9.618e-02	0.59	0.00005942
4_12124104_T_C	-9.685e-02	0.64	0.00005943
16_23506940_G_A	1.212e-01	0.81	0.00005967
16_53689678_C_A	-1.036e-01	0.71	0.00005976
1_30465387_T_A	-9.828e-02	0.62	0.00005984
4_40646898_G_T	-1.242e-01	0.31	0.00005995
16_53697024_T_C	-1.039e-01	0.71	0.00005996
4_118688456_A_G	9.409e-02	0.44	0.00006003
11_116928748_T_G	2.553e-01	0.02	0.00006008
16_53660866_G_A	1.003e-01	0.31	0.00006016
4_118689257_A_G	9.409e-02	0.44	0.00006019
3_191509977_A_G	-9.531e-02	0.50	0.00006061
6_152700965_A_G	1.982e-01	0.10	0.00006062
19_58694416_C_G	-1.178e-01	0.22	0.00006084
20_21797520_A_G	-2.060e-01	0.94	0.00006088
4_12121746_C_T	-1.015e-01	0.64	0.00006092
2_60907330_C_A	1.576e-01	0.15	0.00006098
12_49201207_C_G	9.321e-02	0.58	0.00006103
2_7650986_C_G	9.596e-02	0.42	0.00006116
1_101973613_C_A	9.458e-02	0.50	0.00006117
1_30459412_T_C	-1.040e-01	0.70	0.00006167
20_33596876_G_A	1.167e-01	0.20	0.00006177
3_36862680_T_C	9.449e-02	0.56	0.00006192
4_162285366_G_C	-9.905e-02	0.34	0.00006226
11_66486143_T_C	1.017e-01	0.67	0.00006237
12_49582692_T_G	9.867e-02	0.33	0.00006237
4_118680574_T_C	9.376e-02	0.44	0.00006239
10_62224554_A_G	1.204e-01	0.21	0.00006269
16_23523875_C_A	1.206e-01	0.81	0.00006301
16_53645394_T_C	9.985e-02	0.31	0.00006332
10_104297791_T_C	1.789e-01	0.91	0.00006337
1_101943331_A_G	9.376e-02	0.42	0.00006361
7_87043583_A_G	1.767e-01	0.09	0.00006379
12_95126209_G_C	1.815e-01	0.16	0.00006395
14_33478165_A_T	2.692e-01	0.05	0.00006426
13_47423592_C_T	9.971e-02	0.39	0.00006431
16_53685739_C_T	1.031e-01	0.29	0.00006449
20_33623701_C_A	1.164e-01	0.20	0.00006456
7_87068464_T_C	-1.124e-01	0.79	0.00006504
1_101951693_T_C	9.340e-02	0.41	0.00006531
10_80953436_C_G	9.905e-02	0.62	0.00006536
10_62222414_T_C	1.200e-01	0.21	0.00006537
2_240144903_G_A	-1.056e-01	0.65	0.00006561
3_152385842_C_T	-9.640e-02	0.63	0.0000658
15_99941988_T_C	-1.287e-01	0.19	0.00006584
3_152360283_T_C	-1.319e-01	0.85	0.00006611
13_107665024_T_C	-1.866e-01	0.06	0.00006622
12_49255208_T_C	-1.024e-01	0.71	0.00006624
13_107671792_G_A	-2.118e-01	0.05	0.00006631
13_51088356_G_C	-1.063e-01	0.26	0.00006637
13_107660493_G_C	-1.864e-01	0.06	0.00006707
16_23514525_G_A	1.205e-01	0.81	0.00006712
3_36870230_A_G	9.409e-02	0.56	0.00006727
3_152358857_A_G	-1.316e-01	0.85	0.00006751
7_87043230_A_G	1.763e-01	0.09	0.00006753
6_112231970_A_T	1.239e-01	0.19	0.00006766
14_91134661_C_T	-1.321e-01	0.19	0.00006771
20_21790075_A_C	-1.979e-01	0.94	0.00006775
15_43130646_T_C	1.198e-01	0.17	0.00006777
6_2981772_A_G	9.333e-02	0.51	0.00006782
1_198463501_C_A	2.376e-01	0.04	0.00006789
11_66509369_C_T	9.618e-02	0.58	0.00006789
20_33592248_C_T	1.161e-01	0.20	0.00006795
4_118679425_A_G	9.333e-02	0.44	0.00006795
3_152336086_C_T	1.317e-01	0.15	0.00006797
7_146602135_C_T	-9.694e-02	0.37	0.00006799
20_33599090_A_T	1.162e-01	0.20	0.000068
20_33633758_C_T	1.222e-01	0.20	0.00006803
15_38992547_A_G	-1.004e-01	0.25	0.00006807
16_53645838_C_T	1.045e-01	0.29	0.00006812
2_100061748_C_A	9.367e-02	0.45	0.00006815
3_191507907_C_A	-1.043e-01	0.30	0.00006818
3_152343282_A_G	-1.317e-01	0.85	0.0000682
4_12119950_T_G	-9.607e-02	0.64	0.00006861
4_118684894_A_C	9.333e-02	0.44	0.0000689
13_107658302_A_G	-1.862e-01	0.06	0.00006912
6_34683940_C_T	-2.176e-01	0.05	0.00006925
4_118679600_C_T	9.321e-02	0.44	0.00006929
14_99708876_G_A	-1.067e-01	0.57	0.0000693
1_232783851_C_A	-1.043e-01	0.41	0.00006947
3_152364694_T_G	-1.308e-01	0.85	0.00007003
2_169091942_A_C	1.525e-01	0.13	0.00007018
19_49250239_C_T	-9.740e-02	0.54	0.00007027
16_23515334_G_A	1.203e-01	0.81	0.00007036
10_61709983_C_T	-2.831e-01	0.04	0.00007053
16_53891973_T_C	-1.106e-01	0.25	0.0000707
2_7652767_A_C	9.508e-02	0.42	0.00007098
1_101947657_T_A	9.294e-02	0.42	0.00007145
6_112909707_T_C	1.802e-01	0.93	0.0000715
4_118683015_G_A	9.303e-02	0.44	0.00007158
12_49574023_A_C	9.783e-02	0.35	0.00007161
20_33606977_G_C	1.159e-01	0.20	0.00007174
4_118680890_T_C	9.303e-02	0.44	0.00007184
6_134357045_T_C	3.879e-01	0.04	0.00007191
4_118684586_A_T	9.299e-02	0.44	0.00007204
12_2331572_A_G	9.563e-02	0.33	0.00007213
18_20932722_C_T	-9.313e-02	0.50	0.00007232
10_80953123_G_C	9.631e-02	0.62	0.00007233
12_2322513_A_G	9.596e-02	0.32	0.00007237
6_34640870_C_T	-2.170e-01	0.06	0.00007239
4_118682780_C_G	9.299e-02	0.44	0.00007242
16_23502149_C_T	1.199e-01	0.81	0.00007245
4_118684514_T_C	9.294e-02	0.44	0.00007262
12_2332856_C_A	9.558e-02	0.32	0.00007263
15_99946006_G_A	-1.065e-01	0.27	0.00007264
4_118683900_T_C	9.294e-02	0.44	0.00007271
2_99465502_A_G	9.850e-02	0.53	0.00007276
20_33600740_C_T	1.157e-01	0.20	0.00007277
3_152389757_A_G	-9.576e-02	0.63	0.00007278
20_54207397_T_A	1.017e-01	0.32	0.00007285
9_113197263_T_C	9.994e-02	0.67	0.00007308
7_87038074_A_G	1.750e-01	0.09	0.0000731
1_101945626_T_C	9.285e-02	0.42	0.00007325
2_181759707_G_A	5.892e-01	0.02	0.00007326
1_232780848_C_A	-9.739e-02	0.41	0.00007329
4_118684833_G_A	9.294e-02	0.44	0.00007342
6_17237651_A_T	-1.090e-01	0.61	0.00007354
12_2333484_C_T	9.552e-02	0.33	0.00007359
4_12119860_C_G	-9.567e-02	0.64	0.00007392
3_152388054_C_T	-9.576e-02	0.63	0.00007428
6_16636804_G_A	-9.982e-02	0.58	0.0000744
1_30464420_A_T	-9.704e-02	0.62	0.00007443
1_30438738_C_T	-1.028e-01	0.70	0.00007466
1_61014021_G_A	9.522e-02	0.32	0.00007475
6_34851211_C_T	-2.162e-01	0.05	0.00007475
4_162280909_C_G	-9.776e-02	0.36	0.0000748
1_210608164_C_T	-9.404e-02	0.61	0.00007482
20_33171772_G_A	-1.574e-01	0.05	0.00007499
20_61044227_T_C	-9.971e-02	0.47	0.00007507
2_99982201_G_T	9.321e-02	0.43	0.00007532
6_163909781_A_G	-2.570e-01	0.02	0.00007538
4_86966327_C_A	-9.695e-02	0.50	0.00007546
14_99720979_G_A	-1.195e-01	0.58	0.00007555
7_11487840_A_G	-1.588e-01	0.12	0.00007557
4_12125014_G_A	-9.541e-02	0.64	0.00007558
2_99939031_A_G	9.344e-02	0.43	0.00007584
14_33478505_A_G	2.666e-01	0.05	0.00007595
12_49584030_G_A	9.749e-02	0.34	0.00007602
6_134369320_T_C	4.233e-01	0.03	0.00007608
15_43380260_G_A	1.180e-01	0.17	0.00007609
1_30439905_A_T	-1.026e-01	0.70	0.00007614
6_34980601_T_C	-1.913e-01	0.07	0.00007662
1_101943026_C_T	9.387e-02	0.41	0.00007677
12_2332795_A_T	9.530e-02	0.33	0.0000768
6_152791474_C_A	1.379e-01	0.15	0.00007689
15_95523940_A_G	9.783e-02	0.30	0.00007691
16_53747858_A_G	1.076e-01	0.30	0.00007701
6_112232137_G_A	1.232e-01	0.19	0.00007709
1_61010520_C_G	9.508e-02	0.32	0.00007711
20_33623437_C_T	1.153e-01	0.20	0.0000772
4_118667670_A_T	9.244e-02	0.43	0.00007721
7_2261468_G_A	-1.029e-01	0.33	0.00007723
1_61010758_G_A	9.495e-02	0.32	0.00007724
13_51084523_G_A	-1.058e-01	0.26	0.00007724
16_53560415_T_C	1.017e-01	0.33	0.0000775
19_58711108_C_G	-1.140e-01	0.22	0.00007764
1_30450466_G_A	-1.025e-01	0.70	0.00007777
7_146652162_T_C	-9.640e-02	0.37	0.00007786
5_7520881_G_T	1.053e-01	0.22	0.00007799
2_156850295_A_G	-9.876e-02	0.34	0.00007811
1_30438360_G_T	-1.026e-01	0.70	0.0000782
4_118671230_C_T	9.124e-02	0.44	0.0000782
2_100022772_T_C	9.303e-02	0.43	0.00007824
9_135845615_C_T	1.409e-01	0.82	0.00007825
2_65761232_G_T	9.629e-02	0.37	0.00007832
3_152356848_A_G	-1.305e-01	0.85	0.00007839
12_60307207_T_C	-1.057e-01	0.28	0.00007841
20_33587198_G_C	1.152e-01	0.20	0.00007842
1_30472001_C_A	-9.673e-02	0.62	0.00007846
6_28416034_C_A	-1.432e-01	0.11	0.00007862
14_51525174_C_A	1.115e-01	0.26	0.00007867
10_80948883_T_A	9.586e-02	0.62	0.00007875
12_130944103_T_C	-9.762e-02	0.32	0.00007889
3_152358573_C_T	-1.304e-01	0.85	0.00007894
12_2332393_A_C	9.508e-02	0.33	0.00007897
20_33607551_C_T	1.151e-01	0.20	0.00007911
1_101947197_A_T	9.244e-02	0.42	0.00007912
20_33629427_T_C	1.151e-01	0.20	0.00007919
3_152345234_G_A	-1.304e-01	0.85	0.00007919
10_62277344_A_G	1.179e-01	0.23	0.0000792
1_101950270_T_G	9.285e-02	0.42	0.00007942
1_30451357_A_C	-1.024e-01	0.70	0.00007949
2_100009043_G_A	9.367e-02	0.43	0.00007966
1_30467691_C_T	-9.667e-02	0.62	0.00007969
1_30439988_A_G	-1.022e-01	0.70	0.00007977
12_130942888_C_T	-9.758e-02	0.32	0.00007983
1_118547183_T_C	9.476e-02	0.52	0.00007993
4_118679241_G_C	9.240e-02	0.44	0.00008
20_33606002_G_A	1.151e-01	0.20	0.00008019
2_100068069_T_C	9.313e-02	0.45	0.00008031
7_2018870_G_A	1.239e-01	0.19	0.00008049
13_111477368_T_A	-9.750e-02	0.56	0.0000805
15_95524439_G_A	9.794e-02	0.30	0.00008065
20_33180152_T_C	-1.563e-01	0.05	0.00008066
7_87059164_G_A	-1.107e-01	0.79	0.00008071
7_87059403_G_C	-1.107e-01	0.79	0.00008101
10_62608878_G_C	-1.383e-01	0.13	0.00008102
15_43039063_G_A	1.103e-01	0.23	0.00008128
3_152386111_T_A	-9.519e-02	0.63	0.00008156
2_156852749_T_C	-9.850e-02	0.34	0.00008164
10_62277739_G_A	1.177e-01	0.23	0.0000818
1_30463384_C_T	-9.649e-02	0.62	0.00008189
2_99648689_T_C	9.267e-02	0.50	0.00008193
16_53643659_C_T	1.008e-01	0.29	0.00008196
14_99692739_G_A	-9.442e-02	0.44	0.00008259
2_100016713_G_C	9.340e-02	0.43	0.00008267
20_21801974_G_A	-1.872e-01	0.94	0.00008277
13_107659010_T_C	-1.846e-01	0.06	0.00008283
9_4936407_T_G	1.377e-01	0.86	0.00008293
2_100021184_A_G	9.277e-02	0.43	0.00008294
2_240164254_T_C	1.235e-01	0.22	0.00008318
4_118678002_T_G	9.221e-02	0.44	0.00008326
2_100022270_G_A	9.276e-02	0.43	0.00008331
11_66234023_A_G	-9.313e-02	0.61	0.00008334
4_118667562_G_A	9.203e-02	0.43	0.0000834
4_118677650_A_T	9.211e-02	0.44	0.0000834
2_7655198_A_G	9.409e-02	0.42	0.00008349
1_232792981_G_A	-9.685e-02	0.44	0.00008384
2_176900090_C_T	1.006e-01	0.22	0.00008394
1_115877624_G_A	1.306e-01	0.13	0.00008401
11_66227184_G_C	-9.310e-02	0.61	0.00008411
1_101964376_T_A	9.249e-02	0.41	0.00008413
2_179578704_G_A	-3.015e-01	0.03	0.00008423
7_1950385_G_A	-9.299e-02	0.42	0.00008431
12_49592117_A_G	9.882e-02	0.36	0.00008447
8_142277340_A_G	-1.000e-01	0.30	0.00008464
2_99999097_C_A	9.258e-02	0.43	0.00008468
14_99726000_G_C	1.202e-01	0.44	0.0000847
3_152360465_C_T	-1.302e-01	0.85	0.0000849
12_130941929_G_C	-9.673e-02	0.31	0.00008516
6_147296394_C_A	-9.310e-02	0.53	0.0000852
3_152355835_T_C	-1.299e-01	0.85	0.00008538
16_53636998_C_A	1.007e-01	0.28	0.00008542
3_104716712_G_A	1.287e-01	0.15	0.00008546
3_52456973_A_G	-1.025e-01	0.35	0.00008548
6_34850826_G_C	-2.143e-01	0.05	0.00008552
6_27231150_A_G	-1.180e-01	0.19	0.00008558
3_152328848_G_A	1.298e-01	0.15	0.00008559
4_118670499_C_T	9.190e-02	0.44	0.00008566
20_21803728_A_G	-1.871e-01	0.94	0.0000857
6_163968581_C_T	-2.495e-01	0.03	0.00008585
7_1899447_A_G	1.174e-01	0.20	0.00008588
6_16642966_G_A	-9.486e-02	0.54	0.00008654
4_162317986_C_T	-1.414e-01	0.12	0.0000867
12_130946779_T_C	9.740e-02	0.69	0.00008676
1_214422446_C_T	1.255e-01	0.33	0.00008679
16_53562392_A_G	1.010e-01	0.33	0.00008686
16_53634295_C_T	1.006e-01	0.28	0.00008686
2_240138666_T_C	-9.717e-02	0.61	0.00008691
12_99488680_A_G	9.464e-02	0.59	0.00008693
20_33545055_G_A	1.126e-01	0.21	0.000087
5_76141779_A_G	1.418e-01	0.78	0.00008716
2_240139820_T_C	-9.717e-02	0.61	0.00008719
2_7656440_T_C	9.385e-02	0.42	0.00008723
1_30460674_A_G	-9.613e-02	0.62	0.00008727
1_30462907_T_G	-9.618e-02	0.62	0.00008735
15_43345047_T_C	1.188e-01	0.17	0.00008739
7_1915282_C_A	1.139e-01	0.21	0.0000874
2_156856228_C_G	-9.704e-02	0.34	0.00008741
16_53635933_A_T	1.006e-01	0.28	0.00008756
12_130942852_T_C	-9.695e-02	0.32	0.0000876
22_27447378_G_A	-9.618e-02	0.34	0.00008762
1_115867271_G_A	-1.275e-01	0.83	0.00008766
1_61015473_C_G	9.552e-02	0.32	0.00008779
3_152356782_T_C	-1.295e-01	0.85	0.00008779
2_100064072_A_G	9.211e-02	0.45	0.00008783
12_97551504_C_T	9.475e-02	0.43	0.00008785
2_240144422_T_C	-1.026e-01	0.65	0.00008794
2_100005318_G_A	9.294e-02	0.43	0.0000881
2_100005874_C_T	9.299e-02	0.43	0.00008834
3_104704625_T_A	1.284e-01	0.15	0.00008867
3_152324110_T_G	1.291e-01	0.15	0.00008879
16_53636925_A_G	1.004e-01	0.28	0.00008888
2_179578478_C_A	-3.003e-01	0.03	0.00008916
15_95525511_A_T	9.762e-02	0.30	0.00008923
2_100094799_C_T	9.179e-02	0.45	0.00008928
7_1951109_T_C	-9.266e-02	0.43	0.00008951
14_43630899_C_T	1.471e-01	0.11	0.00008972
10_62277121_G_A	1.168e-01	0.23	0.00008973
12_62614386_C_T	1.016e-01	0.26	0.00008982
11_66090032_C_A	-1.108e-01	0.24	0.00008992
16_53620485_C_T	1.006e-01	0.28	0.00008999
3_104702543_C_T	1.283e-01	0.15	0.00009003
3_152358584_A_G	-1.294e-01	0.85	0.0000901
16_53715309_C_T	9.916e-02	0.30	0.00009033
16_53647968_C_T	1.003e-01	0.28	0.00009036
16_53635251_A_C	1.004e-01	0.29	0.00009041
2_53389666_T_C	-9.211e-02	0.57	0.00009061
4_118665517_T_C	9.167e-02	0.43	0.00009061
7_36152012_A_T	-9.812e-02	0.55	0.00009076
16_23573833_A_C	-1.185e-01	0.19	0.00009086
8_142257378_T_A	9.713e-02	0.64	0.00009092
15_43336802_C_T	1.174e-01	0.17	0.00009096
18_31684975_A_C	-1.852e-01	0.08	0.00009097
2_99976291_C_A	9.212e-02	0.43	0.000091
2_65762067_A_G	9.541e-02	0.37	0.00009102
1_232777394_A_G	-9.567e-02	0.41	0.00009121
12_130955487_A_C	-1.254e+00	0.01	0.00009167
20_21807292_T_A	-1.863e-01	0.93	0.00009174
7_87041856_C_A	1.727e-01	0.09	0.00009197
3_152397504_G_A	-9.475e-02	0.63	0.0000921
1_30451485_C_T	-1.015e-01	0.70	0.00009219
14_99692271_T_C	-9.387e-02	0.44	0.00009225
6_163938331_A_G	-2.489e-01	0.03	0.00009229
9_10217763_T_C	-5.010e-01	0.02	0.00009236
12_99496232_T_C	9.376e-02	0.61	0.00009248
2_53379988_T_C	-9.310e-02	0.57	0.00009278
5_7546411_C_T	1.118e-01	0.20	0.00009285
2_99997493_T_C	9.203e-02	0.43	0.00009294
1_30455452_T_C	-1.015e-01	0.70	0.00009299
22_22150982_G_A	-9.651e-02	0.43	0.00009305
12_99494839_C_T	9.398e-02	0.59	0.00009309
12_62611260_A_G	1.013e-01	0.26	0.00009313
12_99498187_C_T	9.376e-02	0.61	0.00009316
7_1951227_G_C	-9.244e-02	0.42	0.00009317
16_53621579_G_T	1.004e-01	0.28	0.00009323
2_99938942_A_G	9.233e-02	0.43	0.00009335
16_53642824_T_G	9.994e-02	0.29	0.00009342
4_152882685_A_T	9.497e-02	0.63	0.00009348
15_95524174_G_A	9.667e-02	0.30	0.00009418
7_87046470_A_G	1.727e-01	0.09	0.00009418
2_179561528_T_C	-2.964e-01	0.03	0.00009428
4_118672125_C_T	9.146e-02	0.44	0.00009431
20_21799692_A_T	-1.866e-01	0.94	0.00009455
3_104716623_A_G	1.279e-01	0.15	0.0000946
4_118671391_C_T	9.135e-02	0.44	0.00009462
10_62228327_C_T	1.169e-01	0.22	0.00009492
2_100026940_A_G	9.200e-02	0.43	0.00009494
20_33633326_A_G	1.138e-01	0.20	0.00009495
1_232776557_T_A	-9.541e-02	0.41	0.00009496
3_104722931_G_A	1.280e-01	0.15	0.00009499
7_2256779_G_A	-1.017e-01	0.33	0.00009507
2_100001109_A_G	9.233e-02	0.43	0.00009532
1_232641169_T_C	1.007e-01	0.71	0.00009533
3_191513295_G_T	-9.586e-02	0.38	0.00009538
2_173576973_A_T	-1.242e-01	0.36	0.00009539
7_87072505_C_A	1.726e-01	0.09	0.00009552
3_52450043_A_G	-1.017e-01	0.35	0.00009566
2_100001077_G_A	9.221e-02	0.43	0.00009577
2_7659940_A_G	9.344e-02	0.42	0.0000959
14_29694211_G_A	-3.183e-01	0.03	0.00009591
7_87072226_C_T	1.729e-01	0.09	0.00009598
11_46559730_T_C	1.535e-01	0.08	0.00009602
1_35687203_T_C	-1.698e-01	0.09	0.00009603
3_104710825_G_A	1.278e-01	0.15	0.00009603
4_118666823_T_C	9.130e-02	0.43	0.00009603
7_5124934_G_T	-1.054e-01	0.52	0.00009604
14_99711394_T_C	1.188e-01	0.25	0.00009607
6_163934145_C_T	-2.483e-01	0.03	0.00009614
3_104709350_G_A	1.278e-01	0.15	0.00009628
7_87021023_G_C	1.708e-01	0.08	0.00009643
12_99491786_T_G	9.395e-02	0.61	0.00009644
4_152872349_T_C	-1.128e-01	0.22	0.00009674
10_62250855_G_A	1.173e-01	0.21	0.00009681
14_99692254_T_C	-9.365e-02	0.44	0.00009688
7_1950113_T_C	-9.222e-02	0.43	0.00009692
4_118667023_C_T	9.124e-02	0.43	0.00009697
16_23589986_A_G	-1.178e-01	0.19	0.00009702
12_98564216_C_T	9.365e-02	0.35	0.00009704
6_72580011_C_A	1.424e-01	0.10	0.0000971
1_101973050_G_A	9.030e-02	0.49	0.0000976
12_60359949_A_G	-1.009e-01	0.31	0.00009764
2_65762223_G_A	9.504e-02	0.37	0.0000979
3_52874296_G_A	-1.088e-01	0.27	0.00009801
2_240174754_A_G	1.136e-01	0.22	0.00009809
2_124949960_G_A	-9.794e-02	0.39	0.00009818
6_112937551_A_G	-1.761e-01	0.07	0.00009824
3_52575831_G_A	-8.981e-02	0.48	0.00009828
9_110196197_C_T	2.205e-01	0.10	0.0000984
4_118666665_G_A	9.112e-02	0.43	0.00009856
11_66568943_C_T	-9.358e-02	0.40	0.00009857
1_232795105_A_G	-9.785e-02	0.44	0.00009873
7_11498778_A_C	-1.584e-01	0.10	0.00009883
10_129864515_C_T	-9.130e-02	0.51	0.00009894
20_21800510_G_T	-1.855e-01	0.94	0.00009907
1_61056625_T_C	9.404e-02	0.32	0.00009919
12_130942565_T_G	-9.728e-02	0.32	0.00009919
3_52860366_C_G	-1.089e-01	0.26	0.00009923
1_30444484_A_G	-1.008e-01	0.70	0.00009949
22_27447669_A_G	-9.531e-02	0.34	0.00009951
4_118666423_G_A	9.103e-02	0.44	0.00009954
2_179567634_T_C	-2.953e-01	0.04	0.00009961
12_49221622_G_A	-1.005e-01	0.45	0.00009966
2_240147847_A_G	-1.016e-01	0.65	0.00009968
2_240164690_T_C	1.200e-01	0.22	0.00009987
16_17826361_A_G	-1.576e-01	0.16	0.0001
