10_71093392_C_T	-8.440e-02	0.14	4.414e-10
16_6892230_A_T	8.164e-01	0.02	1.96e-09
20_5380059_A_G	3.099e-01	0.01	8.564e-09
6_26093141_G_A	-8.140e-02	0.05	1.247e-08
10_71099888_G_A	-6.210e-02	0.14	1.918e-08
5_86465022_A_G	1.547e-01	0.02	3.738e-08
2_169763148_T_C	3.710e-02	0.69	5.29e-08
2_169801488_A_G	4.460e-02	0.64	6.399e-08
6_25842951_T_G	-8.540e-02	0.05	9.351e-08
7_10151405_C_T	3.920e-01	0.0026	1.175e-07
17_80687475_C_G	-3.300e-02	0.50	1.458e-07
17_80685426_A_G	-3.410e-02	0.68	1.895e-07
7_44229068_C_T	4.130e-02	0.18	1.971e-07
7_44231886_T_C	4.110e-02	0.18	2.194e-07
7_44223721_G_A	4.170e-02	0.18	2.269e-07
17_80685533_C_T	3.380e-02	0.32	2.571e-07
7_44223942_G_A	4.150e-02	0.18	2.58e-07
17_80795783_G_A	3.550e-02	0.27	3.217e-07
7_44235668_G_A	4.040e-02	0.18	3.639e-07
7_44245853_A_T	4.020e-02	0.18	4.148e-07
19_55136841_G_T	3.360e-02	0.54	4.77e-07
7_44248828_G_A	4.020e-02	0.18	5.328e-07
2_169802252_G_T	3.170e-02	0.64	6.168e-07
17_80791469_G_A	3.430e-02	0.26	7.001e-07
17_80886748_G_A	3.380e-02	0.30	7.758e-07
17_80800027_G_T	3.420e-02	0.27	9.066e-07
6_25590311_C_T	-4.980e-02	0.11	9.266e-07
19_55128823_A_G	-3.080e-02	0.42	9.611e-07
17_80873067_C_T	3.410e-02	0.27	1.069e-06
17_80810662_T_C	3.400e-02	0.27	1.114e-06
17_80823758_G_T	3.370e-02	0.27	1.403e-06
1_56338281_C_A	3.830e-02	0.16	1.409e-06
2_169753415_T_C	-3.420e-02	0.32	1.436e-06
17_80829807_G_A	3.360e-02	0.27	1.469e-06
1_56341409_A_C	3.810e-02	0.16	1.56e-06
2_169757541_G_A	3.240e-02	0.67	1.612e-06
19_55123464_A_T	-2.970e-02	0.44	1.68e-06
1_56344528_G_A	3.370e-02	0.25	1.751e-06
6_25821770_C_T	-5.780e-02	0.08	1.788e-06
5_15338164_C_G	2.205e-01	0.01	1.995e-06
19_33050270_G_T	-3.400e-02	0.46	2.256e-06
1_6631431_C_T	-5.280e-02	0.87	2.507e-06
9_23132614_A_G	-8.000e-02	0.97	2.55e-06
7_44231778_C_T	3.680e-02	0.22	2.774e-06
12_94667275_C_T	4.000e-02	0.23	3.084e-06
9_23134354_T_C	-8.090e-02	0.97	3.203e-06
1_6632951_T_C	5.220e-02	0.12	3.331e-06
6_25641200_T_C	-3.740e-02	0.17	3.601e-06
2_169784955_A_C	2.950e-02	0.63	3.858e-06
17_80884247_T_C	3.220e-02	0.34	3.863e-06
1_56341880_C_A	3.270e-02	0.24	3.87e-06
3_60775382_T_G	5.940e-02	0.08	4.189e-06
8_138148917_T_C	4.700e-02	0.11	4.285e-06
3_60774324_G_T	5.950e-02	0.09	4.465e-06
1_106102016_A_G	-1.089e-01	0.98	4.552e-06
7_44245363_A_G	-3.140e-02	0.42	4.646e-06
13_105538853_A_G	8.180e-02	0.07	4.665e-06
4_164377370_G_A	1.160e-01	0.02	4.959e-06
4_164343495_C_T	1.086e-01	0.02	5.039e-06
19_55148487_G_A	-4.030e-02	0.17	5.072e-06
17_80901020_G_A	3.190e-02	0.28	5.113e-06
2_177657688_T_G	1.051e-01	0.02	5.272e-06
8_138118876_A_G	4.640e-02	0.12	5.488e-06
2_169782149_A_G	2.870e-02	0.63	5.636e-06
2_169783039_G_T	2.870e-02	0.63	5.778e-06
1_56361223_A_G	3.180e-02	0.25	5.786e-06
2_169782880_A_T	2.870e-02	0.63	5.803e-06
9_23141807_C_A	-7.480e-02	0.97	5.944e-06
2_169791438_A_G	2.860e-02	0.63	5.998e-06
19_55078023_G_A	3.320e-02	0.39	6.281e-06
1_56412081_T_C	-3.790e-02	0.71	6.348e-06
1_56328238_G_T	3.490e-02	0.18	6.495e-06
1_56339527_A_G	3.190e-02	0.24	6.499e-06
2_169789306_T_C	2.850e-02	0.63	6.521e-06
2_136667863_C_A	3.613e-01	0.01	6.524e-06
8_18283352_C_G	4.110e-02	0.15	6.58e-06
1_226189591_T_C	2.061e-01	0.01	6.596e-06
1_6593532_G_A	4.100e-02	0.11	6.637e-06
2_136762850_A_C	3.620e-01	0.01	6.83e-06
7_71404658_A_G	3.260e-02	0.23	6.898e-06
1_56359597_A_G	3.150e-02	0.25	6.951e-06
2_80867776_G_C	2.720e-02	0.52	7.047e-06
4_164377038_T_G	1.140e-01	0.02	7.295e-06
2_169774959_A_G	2.850e-02	0.64	7.314e-06
2_169777595_C_T	2.850e-02	0.64	7.316e-06
2_169774646_C_T	2.850e-02	0.64	7.366e-06
2_169776746_T_C	2.860e-02	0.63	7.403e-06
17_80887206_A_G	3.240e-02	0.30	7.458e-06
3_3197035_T_G	-3.040e-02	0.32	7.722e-06
1_38244761_C_A	-3.920e-02	0.14	7.915e-06
1_56359669_T_C	3.120e-02	0.25	8.072e-06
9_23156273_T_A	-7.690e-02	0.97	8.108e-06
17_80893992_C_G	2.900e-02	0.42	8.401e-06
1_6638064_T_C	4.870e-02	0.13	8.586e-06
7_71415213_T_C	3.200e-02	0.23	8.848e-06
1_56407227_A_G	3.620e-02	0.16	9.059e-06
2_169774071_C_A	2.840e-02	0.64	9.103e-06
1_56407020_G_A	3.620e-02	0.16	9.128e-06
7_71417103_G_C	3.200e-02	0.23	9.278e-06
9_23142482_C_T	-7.450e-02	0.97	9.511e-06
1_38246857_G_A	-3.840e-02	0.14	9.85e-06
6_20685486_T_C	3.030e-02	0.32	9.939e-06
12_27964996_C_T	-3.420e-02	0.22	1.029e-05
17_70691445_T_C	9.357e-01	0.0013	1.04e-05
8_138159835_C_T	4.510e-02	0.12	1.063e-05
7_71410975_A_G	3.170e-02	0.23	1.066e-05
7_71411317_T_C	3.170e-02	0.23	1.068e-05
6_20679310_T_G	3.030e-02	0.32	1.071e-05
1_56401121_T_C	-2.990e-02	0.72	1.088e-05
1_47869316_A_G	3.720e-02	0.14	1.097e-05
1_56348904_G_A	3.660e-02	0.14	1.098e-05
4_164340366_T_C	9.930e-02	0.02	1.114e-05
8_138162324_G_C	4.500e-02	0.12	1.149e-05
12_27965150_C_T	-3.320e-02	0.22	1.157e-05
8_18262546_T_C	-4.450e-02	0.83	1.165e-05
9_23097424_A_G	-1.121e-01	0.97	1.175e-05
1_56396637_T_C	-2.970e-02	0.73	1.177e-05
1_56349764_G_A	3.650e-02	0.14	1.197e-05
6_25624395_G_T	-5.100e-02	0.08	1.204e-05
19_55135311_T_C	-2.800e-02	0.42	1.214e-05
1_56375280_C_T	3.640e-02	0.14	1.214e-05
1_56353295_C_G	3.640e-02	0.14	1.218e-05
6_150812775_C_A	-2.960e-02	0.29	1.238e-05
7_114014549_G_T	6.240e-02	0.07	1.257e-05
22_34843392_C_T	7.690e-02	0.03	1.273e-05
1_56343290_A_C	3.640e-02	0.14	1.282e-05
1_210738750_T_A	-6.170e-02	0.96	1.312e-05
7_114100602_A_T	7.260e-02	0.02	1.332e-05
1_56355353_A_T	3.620e-02	0.15	1.338e-05
1_56359813_T_A	3.620e-02	0.14	1.363e-05
1_56370557_A_T	3.620e-02	0.13	1.37e-05
1_56345824_C_A	3.620e-02	0.14	1.383e-05
7_71424467_G_A	3.180e-02	0.22	1.396e-05
17_31438458_A_C	-3.730e-02	0.85	1.397e-05
1_56364528_T_C	3.610e-02	0.14	1.409e-05
10_71089843_T_G	-9.870e-02	0.07	1.413e-05
8_18282880_C_T	-3.920e-02	0.85	1.424e-05
6_25628511_G_A	-5.060e-02	0.08	1.439e-05
7_71413328_A_G	3.130e-02	0.23	1.458e-05
1_38246704_C_T	-3.760e-02	0.14	1.465e-05
1_56383394_A_G	3.600e-02	0.15	1.485e-05
7_29805403_T_C	4.660e-02	0.14	1.5e-05
3_3198513_C_T	2.930e-02	0.67	1.533e-05
6_25653401_A_G	-5.040e-02	0.08	1.539e-05
1_56375368_C_G	3.580e-02	0.14	1.617e-05
1_6594773_A_G	4.220e-02	0.11	1.634e-05
1_6594561_G_A	4.220e-02	0.11	1.639e-05
7_114033671_C_T	7.490e-02	0.06	1.658e-05
3_3199170_T_G	3.000e-02	0.68	1.707e-05
6_25662873_A_T	-5.010e-02	0.08	1.718e-05
12_27964648_G_A	-3.270e-02	0.22	1.732e-05
6_127414838_A_G	-3.560e-02	0.22	1.733e-05
1_6620545_G_A	3.930e-02	0.12	1.737e-05
12_27962260_C_T	-3.230e-02	0.22	1.778e-05
9_23173195_T_C	-7.340e-02	0.97	1.853e-05
3_27721841_T_C	3.329e-01	0.02	1.881e-05
3_3211555_C_G	3.060e-02	0.54	1.887e-05
22_34843846_T_G	7.520e-02	0.02	1.899e-05
5_16381071_A_C	2.239e-01	0.01	1.929e-05
1_6614230_G_A	4.280e-02	0.12	1.978e-05
3_120155200_T_C	2.920e-02	0.73	1.984e-05
1_210727996_C_G	-6.430e-02	0.96	1.988e-05
2_55384062_T_G	3.020e-02	0.25	1.992e-05
2_55381620_T_C	3.020e-02	0.25	2.079e-05
5_5192434_G_A	4.320e-02	0.15	2.092e-05
2_55383107_G_A	3.010e-02	0.24	2.128e-05
3_3227559_A_T	-3.920e-02	0.12	2.131e-05
20_37858095_G_A	5.300e-02	0.07	2.139e-05
13_113944932_A_G	-6.290e-01	1.00	2.139e-05
6_25493238_C_G	-4.960e-02	0.08	2.14e-05
1_38256166_G_A	-3.660e-02	0.14	2.149e-05
1_6607199_T_C	-3.820e-02	0.87	2.172e-05
3_60806430_T_C	4.990e-02	0.09	2.193e-05
1_38228216_A_G	3.760e-02	0.82	2.218e-05
12_27963676_C_G	-3.210e-02	0.22	2.233e-05
6_20688121_T_A	3.060e-02	0.27	2.242e-05
2_55382026_C_G	3.000e-02	0.25	2.244e-05
1_210736508_T_C	-6.070e-02	0.96	2.262e-05
6_20686996_C_A	3.050e-02	0.27	2.265e-05
6_20686573_C_A	3.050e-02	0.27	2.281e-05
1_6584420_C_A	4.650e-02	0.11	2.294e-05
2_55379420_A_G	-2.960e-02	0.71	2.313e-05
1_6599755_C_G	-3.830e-02	0.89	2.33e-05
1_6601607_T_C	-3.830e-02	0.87	2.338e-05
1_6601336_C_T	-3.830e-02	0.87	2.34e-05
9_23173122_C_T	-7.060e-02	0.96	2.342e-05
1_106122384_T_G	-9.960e-02	0.97	2.36e-05
4_141225247_G_C	-5.090e-02	0.08	2.362e-05
2_169782481_A_T	2.670e-02	0.61	2.396e-05
1_210727203_T_C	-6.490e-02	0.96	2.447e-05
1_6591937_T_C	-3.780e-02	0.87	2.466e-05
1_6584657_T_C	4.620e-02	0.11	2.5e-05
1_6599362_T_A	-3.810e-02	0.89	2.51e-05
1_6599523_C_T	-3.810e-02	0.89	2.513e-05
12_29558727_A_G	2.960e-02	0.24	2.536e-05
6_25617291_G_A	-4.690e-02	0.08	2.558e-05
8_18273627_T_A	6.370e-02	0.05	2.592e-05
3_83924470_T_C	-2.730e-02	0.36	2.598e-05
6_25331472_A_C	-3.670e-02	0.14	2.6e-05
7_114014488_A_G	7.470e-02	0.06	2.601e-05
1_6601773_T_C	-3.800e-02	0.88	2.614e-05
1_56394673_A_G	2.970e-02	0.23	2.651e-05
12_94669768_A_G	3.320e-02	0.23	2.682e-05
1_56394231_A_G	2.970e-02	0.23	2.695e-05
3_120153464_G_A	2.840e-02	0.74	2.697e-05
1_56396309_T_C	-2.970e-02	0.77	2.7e-05
1_6599041_C_T	-3.800e-02	0.89	2.714e-05
1_56402956_A_G	2.970e-02	0.23	2.72e-05
1_56392558_G_T	2.970e-02	0.23	2.726e-05
1_6614535_G_A	-3.850e-02	0.87	2.783e-05
8_135855064_A_C	-3.980e-01	0.03	2.796e-05
6_20679709_A_G	3.020e-02	0.27	2.802e-05
1_6596008_G_A	-3.790e-02	0.87	2.803e-05
3_164008709_C_T	-2.540e-02	0.56	2.813e-05
6_20703952_A_G	3.020e-02	0.26	2.818e-05
1_6585804_C_T	-3.790e-02	0.87	2.853e-05
6_25332605_C_T	-3.650e-02	0.14	2.858e-05
9_23127310_A_G	-9.770e-02	0.97	2.869e-05
7_44247258_C_T	-2.930e-02	0.42	2.874e-05
6_20683164_G_A	2.870e-02	0.32	2.887e-05
6_25669525_G_A	-3.580e-02	0.15	2.896e-05
6_25332910_A_G	-3.650e-02	0.14	2.898e-05
6_20634886_T_C	-2.590e-02	0.47	2.902e-05
1_56388524_T_A	-2.930e-02	0.77	2.922e-05
3_120158349_G_T	2.810e-02	0.73	2.94e-05
3_164018044_C_T	-2.530e-02	0.56	2.943e-05
17_31420382_G_A	3.070e-02	0.19	2.946e-05
1_56362364_C_T	3.130e-02	0.22	2.968e-05
17_31450664_C_G	-3.700e-02	0.88	2.97e-05
3_120158982_G_C	2.800e-02	0.73	2.974e-05
3_164003861_A_G	-2.530e-02	0.56	3e-05
3_164001278_T_C	-2.530e-02	0.56	3.009e-05
3_120155834_G_T	2.800e-02	0.73	3.015e-05
3_120152050_C_G	2.850e-02	0.74	3.062e-05
6_25333071_G_A	-3.640e-02	0.14	3.065e-05
1_56391806_A_G	2.950e-02	0.23	3.09e-05
1_56398037_T_C	-2.950e-02	0.76	3.122e-05
1_56392010_G_A	2.950e-02	0.23	3.158e-05
17_31451386_C_T	-3.690e-02	0.88	3.173e-05
22_34841008_T_C	7.550e-02	0.03	3.182e-05
22_34840736_T_A	7.550e-02	0.06	3.199e-05
3_120159877_C_G	2.790e-02	0.74	3.212e-05
3_3201641_G_T	2.980e-02	0.60	3.231e-05
6_25669669_G_A	-3.560e-02	0.15	3.262e-05
1_6577915_C_G	-4.400e-02	0.89	3.27e-05
11_74803126_C_T	-3.370e-02	0.15	3.282e-05
1_6577871_C_T	-4.400e-02	0.89	3.283e-05
1_6588604_G_A	-3.760e-02	0.87	3.284e-05
17_31452660_T_C	-3.680e-02	0.88	3.293e-05
3_60804287_T_C	4.820e-02	0.09	3.305e-05
1_56364414_A_G	3.430e-02	0.14	3.325e-05
6_25662803_T_C	-3.550e-02	0.15	3.337e-05
3_83923229_C_A	-2.690e-02	0.36	3.349e-05
1_6584101_A_G	-4.190e-02	0.87	3.376e-05
6_25647354_A_T	-3.550e-02	0.12	3.383e-05
1_56396501_A_G	-2.950e-02	0.77	3.388e-05
8_18263663_A_C	3.380e-02	0.17	3.499e-05
3_120151004_T_C	2.890e-02	0.73	3.509e-05
6_165975003_C_A	7.880e-02	0.03	3.528e-05
3_60804111_G_T	4.800e-02	0.09	3.536e-05
16_73802180_C_T	-3.310e-02	0.60	3.561e-05
6_165965520_C_T	7.780e-02	0.02	3.565e-05
6_165969225_G_T	7.810e-02	0.03	3.585e-05
19_55137225_G_A	3.570e-02	0.41	3.592e-05
3_60804137_C_T	4.790e-02	0.09	3.594e-05
1_6585539_C_T	-4.100e-02	0.87	3.596e-05
3_60804571_G_A	4.810e-02	0.09	3.609e-05
6_25488583_C_T	-4.820e-02	0.08	3.618e-05
3_60804791_G_A	4.810e-02	0.09	3.634e-05
12_94669133_C_G	3.260e-02	0.23	3.646e-05
1_56315657_A_G	3.630e-02	0.15	3.666e-05
14_41098283_T_C	1.191e-01	0.01	3.723e-05
3_63988171_C_T	3.610e-02	0.18	3.736e-05
8_18266572_T_C	3.570e-02	0.15	3.758e-05
1_56312992_A_T	3.630e-02	0.14	3.765e-05
19_2775723_C_T	-1.360e-01	0.70	3.769e-05
8_18275189_A_C	3.530e-02	0.16	3.773e-05
1_86266842_G_T	-4.120e-02	0.88	3.781e-05
3_60804047_A_C	4.780e-02	0.09	3.785e-05
3_148987787_G_T	-1.816e-01	0.17	3.823e-05
3_60805570_G_A	4.800e-02	0.09	3.852e-05
8_18266774_G_A	3.560e-02	0.15	3.892e-05
17_31433450_T_A	-3.840e-02	0.66	3.905e-05
12_27962103_C_T	-3.120e-02	0.22	3.937e-05
7_92275521_C_A	5.320e-02	0.05	3.94e-05
11_74820115_T_G	-3.360e-02	0.16	3.996e-05
6_20658012_A_C	2.680e-02	0.36	4.025e-05
3_63962678_C_G	3.490e-02	0.16	4.061e-05
1_205408885_T_C	-1.201e-01	0.94	4.07e-05
17_38915766_G_T	4.060e-02	0.10	4.07e-05
2_55384226_A_G	-2.860e-02	0.72	4.096e-05
11_74845146_A_G	-3.330e-02	0.16	4.115e-05
3_60802764_G_A	4.660e-02	0.09	4.158e-05
1_86263970_G_A	-4.050e-02	0.88	4.167e-05
9_124413191_G_C	-3.050e-02	0.20	4.177e-05
6_20659459_G_A	2.680e-02	0.37	4.18e-05
3_120165394_C_T	2.770e-02	0.74	4.188e-05
11_74825103_C_T	-3.350e-02	0.16	4.195e-05
3_120163606_C_T	2.750e-02	0.73	4.21e-05
11_74801374_T_C	-3.330e-02	0.15	4.214e-05
1_56326340_T_C	3.300e-02	0.16	4.218e-05
16_17354337_T_C	2.890e-02	0.27	4.228e-05
12_94670053_G_A	3.330e-02	0.23	4.345e-05
6_20652717_C_G	2.720e-02	0.32	4.348e-05
12_68965436_T_C	-2.690e-02	0.63	4.355e-05
3_83925255_C_T	-2.680e-02	0.36	4.378e-05
22_37469591_G_A	-2.870e-02	0.56	4.41e-05
1_38441989_T_C	-3.540e-02	0.14	4.416e-05
1_38422571_T_C	3.550e-02	0.86	4.418e-05
14_48492098_T_C	3.080e-02	0.18	4.453e-05
8_138184157_T_C	-4.240e-02	0.88	4.454e-05
1_38422950_A_T	-3.720e-02	0.14	4.461e-05
6_25659172_G_A	-3.510e-02	0.15	4.471e-05
1_91061950_G_A	9.910e-02	0.02	4.493e-05
14_69810354_G_T	4.370e-02	0.13	4.518e-05
3_83924515_A_G	-2.660e-02	0.38	4.521e-05
8_18266983_G_C	3.530e-02	0.16	4.537e-05
3_120163932_G_A	2.740e-02	0.73	4.619e-05
9_23123176_A_C	-7.790e-02	0.97	4.644e-05
7_92253233_G_T	5.270e-02	0.05	4.668e-05
3_120165370_A_G	2.730e-02	0.73	4.727e-05
6_20660365_T_C	2.660e-02	0.36	4.755e-05
12_94668489_T_C	3.210e-02	0.23	4.76e-05
6_20656800_C_G	2.700e-02	0.32	4.76e-05
13_29595875_T_C	1.258e-01	0.03	4.78e-05
3_54224820_A_G	4.180e-02	0.19	4.798e-05
10_14102891_T_C	8.490e-02	0.01	4.817e-05
3_120165614_G_A	2.730e-02	0.74	4.878e-05
13_48726219_G_A	-6.640e-02	0.94	4.885e-05
3_60800699_G_C	4.610e-02	0.09	4.919e-05
10_14098711_G_C	8.450e-02	0.01	5.028e-05
6_20657564_A_G	2.690e-02	0.32	5.032e-05
19_2748355_A_G	-2.350e-01	0.87	5.084e-05
2_18856_G_A	-6.650e-02	0.04	5.11e-05
6_25334038_T_C	-3.600e-02	0.14	5.128e-05
1_38447234_T_G	3.530e-02	0.86	5.142e-05
1_38450367_A_G	3.540e-02	0.86	5.165e-05
10_14100465_T_A	8.440e-02	0.01	5.195e-05
7_22872145_C_G	-9.380e-02	0.08	5.226e-05
5_89638840_T_C	9.400e-02	0.01	5.268e-05
6_20665946_T_C	2.680e-02	0.26	5.322e-05
3_54225384_C_A	4.170e-02	0.19	5.323e-05
9_124422261_G_A	-2.830e-02	0.22	5.331e-05
1_38425724_T_C	3.520e-02	0.86	5.335e-05
6_20665549_G_A	2.680e-02	0.32	5.336e-05
8_18273018_A_G	3.490e-02	0.15	5.35e-05
9_33663108_C_T	2.684e-01	0.21	5.366e-05
20_57413371_C_T	-2.620e-02	0.47	5.393e-05
8_18248661_A_G	3.300e-02	0.17	5.432e-05
9_23122460_A_T	-9.430e-02	0.97	5.513e-05
3_3171502_C_A	2.680e-02	0.66	5.535e-05
1_38434919_C_T	3.510e-02	0.86	5.567e-05
2_55406602_A_C	3.250e-02	0.15	5.623e-05
2_16111_G_A	-6.670e-02	0.03	5.666e-05
6_20659587_T_A	2.670e-02	0.32	5.675e-05
1_86263583_A_G	-3.980e-02	0.88	5.678e-05
9_109298040_T_C	4.000e-02	0.12	5.683e-05
13_70104462_T_C	3.750e-02	0.13	5.709e-05
3_120174450_T_C	-2.700e-02	0.26	5.725e-05
10_122065990_A_G	3.780e-02	0.29	5.726e-05
7_92301040_C_T	4.600e-02	0.11	5.747e-05
1_38442547_G_A	3.510e-02	0.86	5.774e-05
3_24277876_C_G	2.900e-02	0.65	5.793e-05
12_29598373_T_C	2.900e-02	0.24	5.829e-05
22_37470224_T_C	-2.900e-02	0.57	5.832e-05
17_31409191_T_A	3.070e-02	0.21	5.876e-05
6_20640904_A_G	-2.490e-02	0.46	5.909e-05
1_38206797_A_G	3.580e-02	0.80	5.924e-05
11_74839049_C_T	-3.290e-02	0.16	5.962e-05
7_122896670_G_A	6.210e-02	0.03	6.038e-05
9_34407204_T_C	-2.600e-02	0.34	6.049e-05
7_122897528_C_T	6.210e-02	0.03	6.093e-05
4_82845433_C_G	5.920e-02	0.04	6.144e-05
11_74884388_G_A	-4.010e-02	0.09	6.16e-05
12_27965566_C_T	-3.310e-02	0.26	6.178e-05
6_20663035_T_A	2.660e-02	0.32	6.201e-05
6_20662966_C_T	2.660e-02	0.32	6.203e-05
16_17365105_C_T	2.760e-02	0.26	6.207e-05
1_106101535_T_C	-9.610e-02	0.98	6.233e-05
9_96746126_G_A	2.460e-02	0.55	6.246e-05
6_107096853_A_C	-4.680e-02	0.48	6.252e-05
6_20661550_T_C	2.660e-02	0.32	6.265e-05
6_20661529_G_T	2.660e-02	0.32	6.268e-05
1_6579607_C_T	-4.150e-02	0.89	6.274e-05
6_20661143_T_A	2.660e-02	0.32	6.284e-05
1_38447012_A_G	3.490e-02	0.86	6.29e-05
16_26951549_C_T	-2.570e-02	0.38	6.293e-05
7_104411420_G_C	-4.490e-02	0.87	6.354e-05
16_58712038_T_C	-2.530e-02	0.42	6.371e-05
3_120176818_A_G	-2.680e-02	0.26	6.371e-05
13_26497569_G_A	3.540e-02	0.82	6.462e-05
18_10148722_G_C	-2.820e-02	0.51	6.475e-05
1_86262203_T_A	-3.950e-02	0.88	6.484e-05
1_42153335_G_A	1.354e-01	0.01	6.487e-05
3_164035915_A_G	-2.470e-02	0.56	6.564e-05
6_73352914_T_C	2.670e-02	0.56	6.616e-05
6_165953662_G_T	6.430e-02	0.05	6.625e-05
11_114835158_T_A	2.580e-02	0.37	6.649e-05
10_71097966_G_A	-2.940e-02	0.37	6.67e-05
6_165954626_G_A	6.370e-02	0.04	6.678e-05
11_114841606_A_G	2.580e-02	0.37	6.726e-05
12_62407453_A_C	2.680e-02	0.31	6.751e-05
1_56335432_C_G	3.200e-02	0.16	6.753e-05
3_83924737_G_A	-2.550e-02	0.38	6.759e-05
16_58715394_T_C	-2.510e-02	0.42	6.888e-05
2_55391294_C_A	3.650e-02	0.10	6.9e-05
1_56333648_T_C	3.200e-02	0.16	6.9e-05
4_134314576_A_G	-2.920e-02	0.23	6.906e-05
6_28130194_G_A	8.530e-02	0.04	6.909e-05
2_43687542_T_C	-4.030e-02	0.09	6.927e-05
13_26501227_C_T	3.520e-02	0.82	6.979e-05
11_114856645_G_A	2.590e-02	0.37	6.981e-05
10_14091386_T_C	8.230e-02	0.01	6.988e-05
16_58715748_G_A	-2.510e-02	0.42	6.99e-05
20_57421627_G_A	-2.590e-02	0.49	6.994e-05
1_86283071_A_G	-3.810e-02	0.87	7.016e-05
1_56325176_C_T	3.200e-02	0.16	7.026e-05
2_169766560_C_T	-6.020e-02	0.11	7.03e-05
13_26503348_T_C	3.520e-02	0.82	7.041e-05
6_28007930_C_A	6.540e-02	0.04	7.098e-05
6_27958111_C_A	6.470e-02	0.04	7.106e-05
17_16369557_A_G	4.520e-02	0.08	7.127e-05
17_38928774_C_A	3.650e-02	0.11	7.13e-05
20_37803173_T_C	4.930e-02	0.07	7.16e-05
3_164044726_A_G	-2.460e-02	0.56	7.2e-05
14_21752523_G_A	-2.640e-02	0.50	7.227e-05
17_38918139_G_A	3.660e-02	0.10	7.247e-05
3_3181297_A_G	2.620e-02	0.66	7.301e-05
6_150779892_G_A	-2.700e-02	0.29	7.318e-05
6_28109633_C_T	8.680e-02	0.04	7.378e-05
7_114290213_A_T	5.070e-02	0.06	7.411e-05
6_20663632_T_G	2.650e-02	0.32	7.431e-05
6_20661250_G_C	2.650e-02	0.32	7.432e-05
11_114848998_A_G	2.560e-02	0.37	7.451e-05
16_26949796_A_G	-2.550e-02	0.38	7.465e-05
11_114856010_C_A	2.560e-02	0.37	7.508e-05
1_56321789_A_G	3.180e-02	0.16	7.517e-05
12_41506088_G_A	-1.049e-01	0.01	7.523e-05
3_120165235_C_T	2.680e-02	0.74	7.578e-05
1_56322054_G_A	3.180e-02	0.16	7.581e-05
4_138644410_T_G	2.730e-01	0.01	7.605e-05
10_14094974_G_A	8.160e-02	0.01	7.611e-05
11_114840482_A_G	2.550e-02	0.37	7.624e-05
11_114840593_T_C	2.550e-02	0.37	7.625e-05
16_26951582_G_C	-2.620e-02	0.38	7.627e-05
20_51553622_T_A	5.250e-02	0.13	7.629e-05
18_41043652_G_A	1.098e-01	0.02	7.741e-05
3_120174761_C_T	-2.680e-02	0.26	7.781e-05
12_29558585_A_G	2.530e-02	0.34	7.813e-05
7_16526893_C_T	2.560e-02	0.50	7.835e-05
10_14093742_T_C	8.140e-02	0.01	7.857e-05
4_171197420_A_G	2.490e-02	0.61	7.89e-05
22_49909511_C_T	-3.440e-02	0.17	7.89e-05
11_114833710_A_G	2.550e-02	0.37	7.896e-05
13_70112887_A_T	3.690e-02	0.13	7.916e-05
13_26501020_C_T	3.480e-02	0.84	7.941e-05
6_20661034_A_C	2.640e-02	0.32	7.943e-05
10_127986854_G_A	8.440e-02	0.07	7.956e-05
11_114843975_G_A	2.550e-02	0.37	7.962e-05
11_114844519_A_T	2.550e-02	0.37	7.969e-05
11_114847580_C_A	2.550e-02	0.37	7.994e-05
1_159164964_G_A	1.255e-01	0.01	8.012e-05
6_150780598_T_G	-2.680e-02	0.29	8.051e-05
4_138644618_A_C	2.760e-01	0.01	8.052e-05
6_150775708_G_A	-2.710e-02	0.29	8.091e-05
12_29580127_A_G	2.750e-02	0.26	8.096e-05
4_138643377_T_A	2.680e-01	0.01	8.108e-05
1_86259699_A_G	-3.860e-02	0.89	8.13e-05
11_74872884_A_G	-3.090e-02	0.16	8.169e-05
7_45235862_T_C	4.040e-02	0.85	8.179e-05
1_38441959_T_C	3.570e-02	0.86	8.189e-05
6_165953616_T_A	6.380e-02	0.05	8.229e-05
19_55165325_C_T	-3.780e-02	0.12	8.254e-05
14_69815882_G_A	4.120e-02	0.10	8.271e-05
11_122237301_C_T	-2.730e-02	0.28	8.317e-05
11_114843871_A_G	2.540e-02	0.37	8.323e-05
3_54222459_A_G	4.070e-02	0.19	8.34e-05
6_123903385_G_A	-4.190e-02	0.76	8.363e-05
3_120171720_A_G	-2.660e-02	0.27	8.381e-05
11_122239261_T_C	-2.720e-02	0.28	8.435e-05
2_234677659_C_T	3.080e-02	0.41	8.447e-05
3_54221331_A_T	4.070e-02	0.19	8.468e-05
11_122240274_T_G	-2.730e-02	0.28	8.469e-05
22_37474079_G_A	-2.670e-02	0.44	8.475e-05
7_92353332_A_C	4.890e-02	0.09	8.482e-05
2_241150976_C_T	-5.270e-02	0.09	8.487e-05
13_26510567_T_C	3.530e-02	0.83	8.498e-05
22_35724286_G_A	5.280e-02	0.10	8.539e-05
11_114839252_T_C	2.540e-02	0.37	8.54e-05
1_38420270_A_G	3.380e-02	0.86	8.576e-05
4_164297206_C_T	8.450e-02	0.02	8.58e-05
4_138644099_T_C	2.710e-01	0.01	8.582e-05
1_6606608_C_T	3.630e-02	0.13	8.617e-05
11_114838568_A_G	2.530e-02	0.37	8.67e-05
1_86251136_C_T	-3.650e-02	0.86	8.672e-05
11_114840041_C_T	2.530e-02	0.37	8.674e-05
20_57403529_A_G	-2.550e-02	0.47	8.774e-05
16_73427356_C_T	-2.580e-02	0.68	8.834e-05
22_49909891_G_A	-3.440e-02	0.17	8.861e-05
14_41097746_A_C	1.041e-01	0.01	8.916e-05
3_116442326_T_C	-4.130e-02	0.11	8.935e-05
1_56320969_G_A	3.170e-02	0.16	8.936e-05
8_27079609_A_G	-3.140e-02	0.22	8.937e-05
4_164294776_C_T	8.430e-02	0.02	8.937e-05
19_33090353_A_G	-2.750e-02	0.30	8.942e-05
12_27959998_G_A	-3.070e-02	0.22	8.954e-05
16_26951332_C_T	-2.520e-02	0.38	8.956e-05
22_49909385_C_G	-3.380e-02	0.17	8.992e-05
9_24974672_T_C	4.210e-02	0.13	9.037e-05
17_31408515_G_A	3.000e-02	0.21	9.045e-05
3_170676134_C_G	-2.630e-02	0.29	9.092e-05
4_138643404_C_T	2.700e-01	0.01	9.114e-05
1_56403131_A_T	-2.640e-02	0.69	9.151e-05
3_3192927_T_G	2.610e-02	0.66	9.176e-05
2_126317883_A_G	4.180e-02	0.10	9.259e-05
11_74875945_A_G	-3.070e-02	0.16	9.267e-05
3_120154833_C_G	2.650e-02	0.73	9.286e-05
19_33067367_A_G	-2.710e-02	0.29	9.298e-05
16_17366705_C_T	2.720e-02	0.27	9.299e-05
16_26950378_T_G	-2.510e-02	0.38	9.303e-05
6_20718240_A_T	3.390e-02	0.11	9.315e-05
11_114857243_G_T	2.570e-02	0.37	9.39e-05
3_6420009_A_G	4.220e-02	0.10	9.39e-05
3_163920885_G_C	-2.450e-02	0.51	9.407e-05
7_114057109_G_T	4.780e-02	0.07	9.423e-05
11_74886074_G_A	-3.910e-02	0.10	9.446e-05
2_524816_A_G	-1.079e-01	1.00	9.511e-05
2_43687879_C_T	-3.940e-02	0.09	9.528e-05
2_43749436_T_G	-3.830e-02	0.09	9.532e-05
2_177648497_G_A	-7.500e-02	0.98	9.548e-05
16_73425760_A_G	-2.500e-02	0.67	9.658e-05
11_106287805_T_G	4.790e-02	0.06	9.683e-05
5_2207385_G_C	4.730e-02	0.09	9.688e-05
12_130511806_G_A	2.600e-02	0.69	9.688e-05
11_134727848_T_C	-3.670e-02	0.24	9.707e-05
7_122901241_A_G	6.010e-02	0.03	9.715e-05
1_56319257_G_C	3.180e-02	0.16	9.757e-05
18_25690167_T_C	7.420e-02	0.01	9.771e-05
3_3188914_C_G	2.580e-02	0.66	9.783e-05
16_73427436_C_T	-2.490e-02	0.67	9.828e-05
6_102741702_G_T	-2.810e-02	0.74	9.837e-05
2_241141196_A_C	-5.130e-02	0.09	9.837e-05
8_14510380_C_T	-6.890e-02	0.96	9.853e-05
13_113329598_T_C	4.220e-02	0.14	9.899e-05
13_31314680_T_C	-9.460e-02	0.99	9.908e-05
6_27999369_T_A	6.400e-02	0.04	9.992e-05
