2_169763148_T_C	-4.000e-02	0.69	7.674e-29
2_169802252_G_T	-3.700e-02	0.64	5.853e-27
2_169774959_A_G	-3.600e-02	0.64	3.320e-26
2_169774646_C_T	-3.600e-02	0.64	3.534e-26
2_169757541_G_A	-3.700e-02	0.67	3.584e-26
2_169777595_C_T	-3.600e-02	0.64	4.857e-26
2_169801488_A_G	-3.700e-02	0.64	1.022e-25
2_169774071_C_A	-3.600e-02	0.64	3.451e-25
2_169776746_T_C	-3.600e-02	0.63	4.837e-25
2_169782880_A_T	-3.500e-02	0.63	6.857e-25
2_169783039_G_T	-3.500e-02	0.63	7.091e-25
2_169782149_A_G	-3.500e-02	0.63	8.124e-25
2_169784955_A_C	-3.500e-02	0.63	9.258e-25
2_169789306_T_C	-3.500e-02	0.63	1.112e-24
2_169791438_A_G	-3.500e-02	0.63	2.260e-24
2_169753415_T_C	3.800e-02	0.32	2.261e-24
11_92708710_C_G	-3.900e-02	0.29	8.600e-23
2_169782481_A_T	-3.300e-02	0.61	1.434e-22
2_169814347_A_G	-3.400e-02	0.49	2.350e-20
2_169806321_A_G	-2.900e-02	0.52	2.175e-18
2_169802329_C_A	-2.900e-02	0.54	2.484e-18
11_92701596_T_C	-3.100e-02	0.51	4.851e-18
2_169811224_T_C	-2.900e-02	0.52	1.197e-17
2_169780818_A_G	-2.800e-02	0.55	1.912e-17
2_169753676_G_A	-3.000e-02	0.58	2.124e-17
2_169779896_T_C	-2.800e-02	0.55	2.305e-17
2_169794431_C_T	2.800e-02	0.46	3.342e-17
11_92717475_G_A	-2.800e-02	0.54	7.429e-17
11_92717405_C_A	-2.800e-02	0.54	8.058e-17
11_92718163_A_G	-2.700e-02	0.54	1.048e-16
2_169809672_G_T	-2.700e-02	0.51	1.110e-16
11_92718127_G_C	-2.700e-02	0.54	1.157e-16
2_169802594_C_T	-2.700e-02	0.53	1.372e-16
2_169805511_A_C	-2.700e-02	0.52	1.690e-16
2_169801905_T_C	-2.700e-02	0.53	1.699e-16
2_169803674_C_T	-2.700e-02	0.52	1.725e-16
11_92706944_A_G	-2.900e-02	0.58	1.822e-16
11_92698427_C_G	-2.900e-02	0.40	1.893e-16
2_169802310_G_A	-2.700e-02	0.53	1.903e-16
2_169801628_A_C	-2.700e-02	0.53	2.082e-16
2_169808522_A_T	-2.700e-02	0.51	2.117e-16
2_169807482_C_G	-2.700e-02	0.51	3.387e-16
11_92683332_T_A	-2.800e-02	0.34	3.569e-16
2_169797652_T_C	-2.700e-02	0.53	3.986e-16
11_92713507_G_T	-2.800e-02	0.56	4.294e-16
2_169796288_T_C	-2.700e-02	0.53	4.614e-16
11_92690032_G_T	-2.800e-02	0.34	5.453e-16
2_169757354_C_T	-3.300e-02	0.22	5.581e-16
11_92694757_A_G	-2.800e-02	0.41	5.909e-16
2_169796285_A_G	-2.700e-02	0.53	6.220e-16
11_92719207_T_G	-2.700e-02	0.54	6.522e-16
11_92679778_C_T	-2.800e-02	0.34	6.785e-16
11_92725321_A_G	-2.700e-02	0.54	7.018e-16
2_169797060_A_G	-2.600e-02	0.53	7.038e-16
11_92721787_A_C	-2.700e-02	0.54	7.433e-16
2_169794283_G_A	2.600e-02	0.47	1.194e-15
2_169794771_A_T	2.600e-02	0.47	1.246e-15
2_169814655_G_T	-2.700e-02	0.50	1.338e-15
2_169784493_A_G	-3.600e-02	0.22	1.420e-15
2_169798619_T_C	-2.600e-02	0.53	1.487e-15
2_169792421_A_G	-2.600e-02	0.53	2.065e-15
2_169799010_A_G	-3.600e-02	0.22	2.346e-15
2_169780885_T_C	-2.600e-02	0.53	2.625e-15
11_92690661_T_C	-3.000e-02	0.28	2.648e-15
11_92722761_G_A	-2.600e-02	0.54	2.821e-15
11_92681013_C_T	-2.900e-02	0.28	2.902e-15
2_169787686_C_T	-2.600e-02	0.53	3.339e-15
2_169794687_C_T	2.600e-02	0.47	3.799e-15
2_169779712_T_C	-2.600e-02	0.53	5.224e-15
11_92721319_G_A	-2.600e-02	0.54	5.671e-15
2_169785449_A_C	-2.600e-02	0.53	6.160e-15
2_169789016_T_C	-2.600e-02	0.53	7.935e-15
11_92673828_C_T	-2.900e-02	0.28	1.130e-14
2_169779156_G_A	-2.600e-02	0.53	1.257e-14
11_92668975_T_C	-2.700e-02	0.36	1.710e-14
11_92706175_G_A	-2.600e-02	0.59	2.641e-14
11_92668826_C_T	-2.600e-02	0.42	3.331e-14
11_92672021_G_T	-2.800e-02	0.32	1.725e-13
11_92667730_G_C	-2.700e-02	0.35	1.988e-13
11_92684322_G_A	-2.400e-02	0.40	7.144e-13
11_92691532_T_C	-2.400e-02	0.40	2.448e-12
7_15063430_T_A	2.200e-02	0.48	2.492e-11
7_15064216_A_T	-2.200e-02	0.52	2.989e-11
7_15065467_C_T	-2.200e-02	0.51	3.153e-11
7_15064984_G_A	-2.200e-02	0.52	3.607e-11
7_15064255_G_T	-2.200e-02	0.52	4.163e-11
7_15065564_T_A	-2.200e-02	0.51	4.259e-11
7_15063833_T_G	-2.200e-02	0.52	4.295e-11
7_15065003_T_C	-2.200e-02	0.52	4.328e-11
7_15064309_G_T	-2.100e-02	0.51	5.041e-11
7_15065612_A_T	-2.200e-02	0.51	5.198e-11
7_15062983_T_C	-2.100e-02	0.52	6.912e-11
2_169750483_C_T	2.400e-02	0.67	2.362e-10
7_15059272_A_C	-2.100e-02	0.47	1.932e-09
7_44231778_C_T	-2.600e-02	0.22	4.837e-09
7_44229068_C_T	-2.600e-02	0.18	5.932e-09
7_44223942_G_A	-2.600e-02	0.18	5.995e-09
7_15057829_G_A	2.000e-02	0.46	6.325e-09
7_15052860_T_C	-2.000e-02	0.48	6.475e-09
7_44231886_T_C	-2.600e-02	0.18	7.634e-09
7_15055616_G_A	2.000e-02	0.46	8.100e-09
7_44248828_G_A	-2.600e-02	0.18	8.784e-09
7_44245853_A_T	-2.600e-02	0.18	9.166e-09
7_15051943_G_C	-1.900e-02	0.48	9.708e-09
7_15059796_G_C	-2.000e-02	0.54	9.828e-09
7_15059906_G_A	2.000e-02	0.46	1.186e-08
2_169750661_T_C	2.200e-02	0.72	1.564e-08
7_15048814_T_C	-1.900e-02	0.49	2.302e-08
7_15054063_T_C	1.900e-02	0.46	3.367e-08
2_169748860_C_G	2.100e-02	0.71	3.599e-08
7_15053827_A_T	1.900e-02	0.46	3.617e-08
2_169748422_T_C	2.100e-02	0.71	3.747e-08
7_44223721_G_A	-2.500e-02	0.18	3.836e-08
11_92715849_G_A	-3.300e-02	0.53	4.397e-08
2_169766560_C_T	4.000e-02	0.11	4.411e-08
2_169748843_A_T	2.100e-02	0.71	4.519e-08
7_15056045_T_A	1.900e-02	0.48	4.567e-08
7_15054232_A_G	1.900e-02	0.46	4.619e-08
7_44235668_G_A	-2.500e-02	0.18	4.836e-08
2_169749841_T_C	2.100e-02	0.72	5.067e-08
7_15053589_C_T	1.800e-02	0.46	6.228e-08
7_15047637_A_G	-1.800e-02	0.55	8.631e-08
7_15053878_G_C	1.800e-02	0.45	9.130e-08
7_15048611_T_G	1.800e-02	0.45	9.341e-08
10_114752503_T_C	-2.200e-02	0.25	1.165e-07
10_113021531_G_T	3.000e-02	0.08	1.236e-07
5_123621707_T_G	2.100e-02	0.25	1.246e-07
7_15047280_G_C	1.800e-02	0.45	1.249e-07
10_113022313_T_C	3.000e-02	0.08	1.291e-07
7_15045619_T_C	-1.700e-02	0.53	1.391e-07
10_114758349_C_T	-2.000e-02	0.31	1.393e-07
10_113014137_G_A	3.000e-02	0.08	1.398e-07
10_113013863_A_G	3.000e-02	0.08	1.402e-07
7_15050305_C_G	-1.700e-02	0.48	1.420e-07
7_15054908_T_C	1.800e-02	0.49	1.424e-07
5_123608575_C_G	2.100e-02	0.26	1.514e-07
5_123619308_C_T	2.100e-02	0.25	1.520e-07
7_15054370_T_C	1.800e-02	0.48	1.573e-07
7_15049604_T_C	1.700e-02	0.46	1.613e-07
10_69781196_G_A	2.700e-02	0.15	1.643e-07
11_92667658_A_T	-2.200e-02	0.57	1.748e-07
10_113009258_C_T	3.000e-02	0.08	1.753e-07
10_113009424_A_G	3.000e-02	0.08	1.780e-07
7_15054190_C_G	1.700e-02	0.46	1.884e-07
7_15044103_C_T	1.700e-02	0.45	2.164e-07
10_112996873_G_A	3.000e-02	0.08	2.231e-07
7_15039499_A_T	1.700e-02	0.51	2.303e-07
10_112981691_G_A	3.000e-02	0.08	2.338e-07
10_112982989_G_A	3.000e-02	0.08	2.360e-07
10_113028617_C_T	2.900e-02	0.08	2.530e-07
10_112986388_G_A	2.900e-02	0.08	2.602e-07
10_112987924_G_A	2.900e-02	0.08	2.858e-07
10_112971811_C_A	2.900e-02	0.07	3.154e-07
10_112979082_G_A	3.000e-02	0.08	3.271e-07
10_112971557_C_T	2.900e-02	0.08	3.311e-07
10_112970951_G_T	2.900e-02	0.08	3.560e-07
10_113033128_G_A	2.900e-02	0.08	3.712e-07
10_113036354_A_G	2.900e-02	0.08	3.783e-07
7_44243438_G_C	-4.000e-02	0.18	3.816e-07
11_92666563_T_C	-2.000e-02	0.52	3.838e-07
10_113033224_G_A	2.900e-02	0.08	3.863e-07
5_123620112_C_T	2.200e-02	0.23	4.340e-07
10_113020422_C_G	-2.800e-02	0.91	4.443e-07
10_113039667_C_T	2.900e-02	0.08	4.809e-07
10_112972505_C_T	2.900e-02	0.08	5.067e-07
10_113010516_C_T	2.900e-02	0.08	6.310e-07
7_15051643_G_A	-2.000e-02	0.48	6.836e-07
10_113015309_G_A	2.900e-02	0.08	7.892e-07
5_123599714_A_C	2.200e-02	0.26	9.739e-07
7_15040241_T_C	1.600e-02	0.49	9.774e-07
11_45846619_G_T	1.700e-02	0.65	1.025e-06
10_113023966_G_A	-2.700e-02	0.91	1.035e-06
11_45839889_G_A	1.700e-02	0.53	1.075e-06
10_112982077_C_T	2.800e-02	0.08	1.118e-06
5_123617298_T_C	1.900e-02	0.26	1.155e-06
10_113022555_C_T	-2.700e-02	0.91	1.164e-06
5_123603674_T_G	2.300e-02	0.21	1.211e-06
10_113024407_C_A	-2.700e-02	0.91	1.286e-06
10_114756041_A_T	-1.800e-02	0.33	1.391e-06
10_112987597_A_G	2.800e-02	0.08	1.396e-06
10_113029061_C_A	-2.700e-02	0.91	1.404e-06
8_118185733_A_G	1.700e-02	0.29	1.409e-06
7_15041873_G_A	1.600e-02	0.47	1.471e-06
7_15041076_A_T	1.600e-02	0.47	1.583e-06
7_15042959_C_T	1.600e-02	0.48	1.633e-06
9_4289050_C_A	-1.600e-02	0.52	1.668e-06
10_113038224_A_T	2.600e-02	0.08	1.809e-06
10_114788815_T_C	-1.900e-02	0.28	1.909e-06
10_113010359_G_A	2.300e-02	0.34	2.110e-06
5_123603595_T_C	2.200e-02	0.20	2.345e-06
10_113029377_A_G	-2.600e-02	0.91	2.498e-06
5_123603631_T_C	2.200e-02	0.20	2.616e-06
2_169738539_T_C	1.600e-02	0.30	2.640e-06
8_118185063_C_G	1.700e-02	0.47	2.675e-06
10_114767771_G_A	-1.700e-02	0.33	3.131e-06
1_91785202_G_T	1.900e-02	0.23	3.132e-06
10_114754088_T_C	-1.800e-02	0.32	3.132e-06
11_45846498_C_G	1.500e-02	0.50	3.140e-06
11_45855998_C_T	1.500e-02	0.50	3.289e-06
10_113042093_T_G	-2.400e-02	0.89	3.331e-06
10_113032398_G_T	2.800e-02	0.08	3.357e-06
11_45856973_G_A	1.500e-02	0.50	3.427e-06
10_113036224_G_C	-2.600e-02	0.91	3.558e-06
2_169764141_A_C	1.100e-01	0.01	3.644e-06
10_113032991_G_A	-2.600e-02	0.91	3.675e-06
12_102875569_A_G	2.100e-02	0.84	3.678e-06
11_45840939_A_T	1.500e-02	0.50	3.848e-06
7_15071984_G_A	1.600e-02	0.53	3.935e-06
12_102880473_C_T	2.000e-02	0.83	3.974e-06
11_45839709_G_A	1.500e-02	0.50	4.302e-06
12_102898446_G_A	1.900e-02	0.82	4.334e-06
8_103828170_A_C	2.200e-02	0.11	4.504e-06
12_102891182_C_T	1.900e-02	0.83	4.579e-06
12_102901442_C_T	1.900e-02	0.82	4.645e-06
11_45873091_A_C	1.500e-02	0.49	4.690e-06
12_102904683_A_G	1.900e-02	0.82	4.725e-06
12_102908297_A_G	1.900e-02	0.83	4.729e-06
10_69753620_C_T	1.900e-02	0.22	4.793e-06
11_45865764_G_A	1.500e-02	0.49	4.816e-06
12_102912558_G_A	1.900e-02	0.83	5.441e-06
11_45896797_T_A	1.500e-02	0.48	5.538e-06
7_15069205_G_T	1.600e-02	0.50	5.579e-06
12_102910810_A_G	1.900e-02	0.83	5.620e-06
9_4283137_G_T	1.500e-02	0.56	5.768e-06
8_103828762_G_C	2.200e-02	0.11	5.881e-06
20_31066181_T_C	2.700e-02	0.08	6.392e-06
8_103889712_A_G	2.200e-02	0.11	6.424e-06
20_31081487_C_T	2.700e-02	0.07	6.540e-06
13_108134206_C_G	1.600e-02	0.72	6.579e-06
9_4290823_A_T	-1.500e-02	0.44	6.664e-06
9_4290085_G_C	-1.500e-02	0.44	6.957e-06
12_102897764_C_T	1.900e-02	0.83	6.977e-06
10_113032726_T_C	-2.500e-02	0.91	7.371e-06
10_113028959_C_T	5.000e-02	0.08	7.894e-06
7_44231216_T_G	1.700e-02	0.48	7.964e-06
8_103857125_C_A	2.200e-02	0.11	8.047e-06
10_69723729_G_T	1.900e-02	0.25	8.083e-06
3_86290724_C_T	-1.700e-02	0.53	8.554e-06
11_45864142_T_A	1.500e-02	0.49	8.606e-06
8_103841216_T_C	2.200e-02	0.11	8.697e-06
10_87746194_T_C	3.100e-02	0.69	8.811e-06
8_103864410_G_T	2.200e-02	0.11	8.832e-06
10_114736614_T_C	-2.000e-02	0.31	9.198e-06
8_103863350_G_T	2.200e-02	0.11	9.230e-06
7_15082464_T_C	-1.500e-02	0.41	9.265e-06
13_108110999_T_C	1.700e-02	0.76	9.271e-06
20_31073168_G_A	2.600e-02	0.08	9.367e-06
20_31075661_G_C	2.600e-02	0.08	9.409e-06
8_103860525_T_A	2.200e-02	0.11	9.442e-06
2_43690030_C_T	2.600e-02	0.09	9.796e-06
12_102871259_C_T	2.000e-02	0.84	.00001039
8_103832256_G_A	1.900e-02	0.17	.00001044
10_114808902_G_T	-1.700e-02	0.28	.00001063
5_123616733_G_C	1.900e-02	0.19	.00001071
20_31075696_A_G	2.600e-02	0.07	.0000108
7_15087513_A_G	1.600e-02	0.69	.00001086
7_15086358_T_C	1.600e-02	0.68	.00001093
9_4293150_A_C	-1.500e-02	0.54	.00001104
11_92667047_A_G	-1.800e-02	0.46	.00001107
8_70607015_T_A	-4.900e-02	0.02	.00001113
12_102901778_C_A	1.800e-02	0.82	.00001113
14_69199842_G_A	-1.500e-02	0.28	.00001127
13_108133401_T_C	1.600e-02	0.72	.00001128
7_15082439_A_C	1.400e-02	0.53	.00001134
7_15082362_A_T	1.400e-02	0.53	.00001166
4_46692626_G_A	-2.200e-02	0.15	.00001168
8_70602903_G_A	-4.900e-02	0.02	.00001198
10_113048321_C_T	2.400e-02	0.11	.0000121
7_15082165_T_A	-1.500e-02	0.41	.00001216
8_70599827_T_C	-5.000e-02	0.02	.00001224
7_15082905_T_G	-1.400e-02	0.47	.00001237
2_43694570_A_G	2.600e-02	0.09	.00001283
7_15068244_A_T	-1.600e-02	0.44	.00001283
2_169768891_A_C	7.700e-02	0.03	.00001297
11_61579760_T_C	1.500e-02	0.32	.00001315
10_51558125_T_C	1.600e-02	0.39	.00001323
9_4292083_G_A	-1.500e-02	0.44	.00001334
7_15082669_G_A	1.400e-02	0.53	.0000136
14_69195121_A_T	-1.500e-02	0.28	.00001401
2_43689904_G_A	2.600e-02	0.09	.00001407
8_103855691_C_T	1.900e-02	0.17	.0000141
12_102914640_A_G	2.300e-02	0.88	.00001412
4_46710972_C_T	-2.000e-02	0.15	.00001424
22_17472239_A_C	-5.300e-02	0.03	.00001432
14_69189780_C_G	-1.500e-02	0.28	.00001444
11_61571348_C_G	1.500e-02	0.32	.00001458
8_103845526_A_C	2.100e-02	0.11	.00001463
14_69194739_C_G	-1.500e-02	0.28	.00001497
17_11127252_T_C	3.300e-02	0.92	.00001499
2_43687879_C_T	2.600e-02	0.09	.00001524
11_61571382_G_A	1.500e-02	0.32	.00001534
9_4295880_T_G	-1.400e-02	0.54	.00001545
1_223607825_G_A	-1.800e-02	0.29	.00001551
20_31085218_G_A	2.600e-02	0.07	.00001558
2_43702151_A_G	2.600e-02	0.09	.00001588
8_103921795_T_C	1.900e-02	0.17	.00001591
2_43701151_T_C	2.600e-02	0.09	.00001592
2_43701951_G_T	2.600e-02	0.09	.00001594
2_43689364_C_A	2.600e-02	0.09	.00001598
2_43702829_A_T	2.600e-02	0.09	.00001598
2_43687542_T_C	2.600e-02	0.09	.00001634
8_118190393_A_G	1.700e-02	0.47	.00001648
2_43703183_T_G	2.500e-02	0.09	.0000166
2_43685625_C_T	2.600e-02	0.09	.0000166
2_43685493_A_G	2.600e-02	0.09	.00001665
2_43685109_C_A	2.600e-02	0.09	.00001686
2_43703684_G_C	2.500e-02	0.09	.00001692
20_31085055_A_G	2.600e-02	0.08	.00001728
2_43704092_A_G	2.500e-02	0.09	.00001729
14_69193461_T_C	-1.500e-02	0.28	.00001799
2_43689071_A_G	2.600e-02	0.09	.00001845
7_15085141_T_C	1.400e-02	0.55	.00001903
1_170847097_G_A	2.100e-02	0.23	.00001931
8_103839003_A_G	2.100e-02	0.11	.00001934
8_118185025_G_A	1.600e-02	0.29	.00001962
7_15090452_C_A	-1.600e-02	0.31	.0000197
7_15079248_C_T	1.400e-02	0.53	.00001991
20_31087188_G_A	2.600e-02	0.08	.00002007
10_114734096_A_G	-1.900e-02	0.31	.00002016
14_69203677_G_A	-1.500e-02	0.28	.00002023
20_31087832_C_T	2.600e-02	0.08	.00002023
2_43706319_C_T	2.500e-02	0.10	.00002025
13_108094072_T_G	1.600e-02	0.74	.00002032
10_95391936_A_T	-1.500e-02	0.58	.00002038
2_43706350_C_G	2.500e-02	0.09	.00002047
14_51436852_A_T	-2.100e-02	0.14	.00002083
2_43706244_T_C	2.500e-02	0.10	.00002084
1_91774858_G_T	1.600e-02	0.23	.000021
13_102625296_A_C	-1.500e-02	0.39	.00002113
7_15082271_T_G	-1.400e-02	0.35	.0000213
4_46690369_A_G	-1.900e-02	0.15	.00002164
3_170744815_T_C	1.600e-02	0.29	.00002173
13_108100801_T_C	1.600e-02	0.74	.00002193
4_46678256_G_A	-1.900e-02	0.15	.00002195
2_43683885_A_C	2.500e-02	0.09	.00002213
1_91841637_C_T	1.600e-02	0.23	.00002238
4_46682911_T_C	-1.900e-02	0.15	.00002246
15_61173043_G_C	-2.500e-02	0.13	.00002253
10_69892383_C_G	-1.400e-02	0.40	.00002261
16_6859492_A_G	1.900e-02	0.15	.00002268
4_46691120_G_A	-1.900e-02	0.15	.00002295
8_4092133_T_C	1.000e-01	0.01	.00002298
5_123614260_T_A	1.900e-02	0.18	.00002332
12_102914109_T_C	2.200e-02	0.89	.00002335
1_91811512_C_A	1.600e-02	0.23	.00002335
2_43682596_G_C	2.500e-02	0.09	.00002345
4_46683228_G_C	-1.900e-02	0.15	.00002345
8_118184783_C_T	1.600e-02	0.29	.00002358
2_43710444_A_G	2.500e-02	0.10	.00002365
2_43710807_A_G	2.500e-02	0.10	.00002369
2_43706002_T_C	2.500e-02	0.10	.00002376
4_46683061_T_C	-1.900e-02	0.15	.00002377
1_91814553_T_C	1.600e-02	0.23	.00002384
3_123072883_A_C	1.400e-02	0.44	.00002384
2_43711523_G_T	2.500e-02	0.09	.00002392
2_43712163_T_G	2.500e-02	0.09	.00002397
7_15078991_G_A	1.400e-02	0.53	.00002398
14_69186538_C_T	-1.500e-02	0.27	.00002404
2_43712610_T_A	2.500e-02	0.09	.0000241
2_43705265_A_G	2.500e-02	0.10	.00002411
2_43712785_G_T	2.500e-02	0.09	.00002427
2_43680318_C_T	2.500e-02	0.09	.0000246
1_91858709_T_C	1.600e-02	0.23	.00002518
2_43686245_C_G	2.500e-02	0.09	.00002523
1_91858390_T_C	1.600e-02	0.23	.00002523
1_91781644_C_G	1.600e-02	0.23	.00002524
13_79718725_G_A	5.100e-02	0.04	.00002527
1_91859801_A_G	1.600e-02	0.23	.00002545
2_43678759_C_G	2.500e-02	0.09	.00002561
2_43668261_C_T	2.500e-02	0.09	.00002613
2_43668169_G_C	2.500e-02	0.09	.00002627
10_113043628_G_A	-1.800e-02	0.81	.00002655
3_170735099_G_A	1.600e-02	0.26	.00002663
8_117783914_A_C	3.100e-02	0.06	.00002666
1_91789628_A_T	1.700e-02	0.23	.00002669
13_47473921_A_C	-1.400e-02	0.58	.00002676
9_3399030_T_C	6.100e-02	0.03	.00002677
5_123614481_A_G	1.900e-02	0.18	.00002678
3_123082398_T_C	1.800e-02	0.18	.00002694
2_43677273_G_C	2.500e-02	0.09	.00002712
4_46682902_G_A	-1.900e-02	0.15	.00002726
13_108102639_A_T	1.600e-02	0.74	.00002727
2_43677253_T_A	2.500e-02	0.09	.00002732
4_46712420_A_G	-1.900e-02	0.15	.00002745
2_43671003_C_A	2.500e-02	0.09	.00002766
13_108133174_C_T	1.500e-02	0.74	.00002798
13_108103880_A_T	1.500e-02	0.74	.00002802
3_123052990_C_G	-1.500e-02	0.57	.00002822
4_46697152_T_A	-1.900e-02	0.15	.00002824
13_108130919_G_A	1.500e-02	0.74	.00002834
9_4292152_A_G	1.400e-02	0.47	.00002835
2_43669851_T_C	2.500e-02	0.09	.00002836
4_115666436_C_T	2.500e-02	0.47	.00002837
12_102797196_A_G	1.500e-02	0.73	.00002902
7_15024954_C_T	-1.500e-02	0.45	.00002908
5_148268820_T_C	1.400e-02	0.33	.0000291
2_169594581_T_C	-2.800e-02	0.95	.00002914
6_90026794_A_G	1.400e-02	0.45	.00002918
11_61580635_C_T	1.500e-02	0.32	.00002933
3_123084379_G_A	1.300e-02	0.43	.00002941
15_82318699_G_A	-1.500e-02	0.75	.00002968
2_43676939_C_G	2.500e-02	0.09	.00002973
2_43676433_T_G	2.500e-02	0.09	.00002976
2_43671176_C_T	2.500e-02	0.09	.00002978
4_46683746_G_T	-1.900e-02	0.15	.00003014
2_43672499_A_C	2.500e-02	0.09	.00003016
1_91787827_A_G	1.600e-02	0.23	.00003032
2_43673442_A_G	2.500e-02	0.09	.00003069
4_46708375_A_T	-1.900e-02	0.15	.0000307
2_172120203_G_T	1.400e-02	0.47	.00003082
2_43752407_G_A	2.500e-02	0.09	.00003106
10_69886737_A_G	-1.400e-02	0.39	.00003111
12_102899704_C_T	2.000e-02	0.84	.00003116
14_69190163_G_A	-1.500e-02	0.28	.00003123
1_91807803_G_A	1.600e-02	0.23	.00003132
14_69181968_T_C	-1.500e-02	0.27	.00003177
2_43734847_C_T	2.500e-02	0.09	.00003186
12_102904519_A_G	1.900e-02	0.84	.00003195
12_102904594_C_T	1.900e-02	0.84	.00003203
2_43733509_G_T	2.500e-02	0.09	.00003217
12_102906927_C_T	1.900e-02	0.84	.00003218
12_102906642_A_G	1.900e-02	0.84	.00003232
12_102902923_A_G	1.900e-02	0.84	.00003233
5_148268530_T_C	1.400e-02	0.33	.00003236
13_79720211_C_A	5.000e-02	0.04	.00003264
12_102898532_G_A	2.000e-02	0.84	.0000328
2_43752548_G_A	2.500e-02	0.09	.00003289
20_22568595_G_T	3.900e-02	0.06	.00003317
12_102904406_C_A	1.900e-02	0.82	.00003322
20_22522336_A_T	-3.700e-02	0.92	.00003335
12_102904181_T_C	1.900e-02	0.84	.00003337
12_102900935_C_A	1.900e-02	0.84	.00003338
12_102810269_T_C	1.500e-02	0.73	.00003354
2_43672795_A_G	2.500e-02	0.09	.00003371
4_115842708_T_A	5.300e-02	0.04	.00003389
11_38278274_G_A	9.500e-02	0.0040	.00003393
10_95381773_T_A	1.500e-02	0.36	.00003398
2_43732234_C_T	2.500e-02	0.09	.00003416
1_91789659_T_C	1.600e-02	0.23	.0000342
2_43678726_T_C	2.500e-02	0.09	.00003421
2_43735713_C_T	2.500e-02	0.09	.00003422
7_15017023_C_T	-1.500e-02	0.43	.00003424
1_214159256_T_C	-1.400e-02	0.54	.00003429
1_91787612_T_C	1.600e-02	0.23	.00003439
1_91792214_G_A	1.600e-02	0.23	.00003459
2_43666991_T_C	2.500e-02	0.09	.00003498
2_43752346_A_G	2.500e-02	0.09	.00003499
10_113040544_T_C	-1.700e-02	0.81	.00003508
5_148267735_T_G	1.400e-02	0.33	.00003511
7_15079276_T_C	1.400e-02	0.53	.00003515
14_69192739_C_T	-1.500e-02	0.28	.00003518
2_43729212_G_A	2.500e-02	0.09	.00003529
7_44247258_C_T	1.500e-02	0.42	.00003538
2_43753746_A_C	2.500e-02	0.09	.00003542
2_43748983_G_A	2.500e-02	0.09	.00003555
7_15088998_T_C	1.400e-02	0.54	.00003572
8_117815078_A_G	3.200e-02	0.06	.00003583
5_113287351_G_A	-1.500e-02	0.31	.00003591
2_43736969_T_C	2.500e-02	0.09	.00003593
2_43745520_C_G	2.500e-02	0.09	.00003601
2_43732488_T_C	2.500e-02	0.09	.00003631
12_102900519_C_T	1.900e-02	0.84	.00003631
12_102897833_T_C	2.000e-02	0.85	.00003659
2_43736171_T_C	2.500e-02	0.09	.00003663
20_31190475_T_C	3.500e-02	0.06	.00003677
7_15016942_C_A	-1.500e-02	0.42	.00003683
3_123079159_A_T	-1.300e-02	0.56	.00003692
2_43758199_A_G	2.500e-02	0.09	.00003702
2_169594615_G_A	-2.800e-02	0.95	.00003709
2_43758625_A_T	2.500e-02	0.09	.00003718
2_172105380_C_T	1.300e-02	0.47	.00003734
2_43733028_G_T	2.500e-02	0.09	.00003741
3_123078079_G_A	-1.300e-02	0.56	.00003746
11_61571478_T_C	1.400e-02	0.36	.00003772
4_46682272_T_C	-1.900e-02	0.15	.00003812
12_102898353_A_G	1.900e-02	0.84	.00003846
3_170724883_T_C	1.500e-02	0.29	.0000387
1_91802783_A_C	1.600e-02	0.23	.00003877
3_170724955_C_T,G	2.200e-02	0.11	.00003884
10_113041220_A_G	-1.700e-02	0.81	.00003891
2_172115029_C_G	1.400e-02	0.47	.00003891
2_43735353_T_C	2.400e-02	0.09	.00003898
4_46708120_A_T	-1.800e-02	0.15	.00003919
4_186942380_G_A	-1.500e-02	0.43	.00003926
11_45870177_A_G	2.600e-02	0.52	.00003933
2_43754655_T_C	2.500e-02	0.09	.00003979
16_80396000_G_A	-1.800e-02	0.22	.0000404
2_172107878_C_A	1.400e-02	0.66	.00004043
6_116763014_T_C	1.000e-01	0.01	.00004053
2_172100968_A_T	1.300e-02	0.47	.00004064
20_22571204_A_T	3.800e-02	0.06	.00004081
2_43751480_T_C	2.400e-02	0.09	.00004085
8_117797925_T_G	3.100e-02	0.06	.00004099
2_43756032_C_T	2.500e-02	0.09	.00004134
5_148261996_C_A	1.400e-02	0.32	.00004148
2_43724682_G_A	2.400e-02	0.09	.0000415
11_72444583_T_C	1.500e-02	0.28	.00004163
4_46742649_T_C	-1.800e-02	0.16	.00004173
4_46694164_T_G	-1.800e-02	0.15	.00004221
2_43705286_T_C	2.400e-02	0.10	.00004262
11_61569306_C_G	1.400e-02	0.36	.00004265
11_61570783_T_C	1.400e-02	0.36	.00004309
20_22571208_T_G	3.800e-02	0.06	.00004313
1_226716479_C_T	-2.900e-02	0.08	.00004332
6_53514946_A_G	-2.600e-02	0.07	.00004373
8_117792216_T_A	3.000e-02	0.06	.00004381
1_71019658_C_T	1.600e-02	0.24	.00004454
3_184216307_G_T	-1.700e-02	0.35	.00004459
2_43670183_C_T	2.500e-02	0.09	.00004485
6_53517660_A_G	-2.600e-02	0.06	.00004506
20_22572504_T_C	3.800e-02	0.06	.00004511
2_172110950_T_A	1.300e-02	0.47	.00004523
2_43749436_T_G	2.400e-02	0.09	.00004545
16_6859455_G_A	1.800e-02	0.15	.00004551
10_69816709_C_T	-1.400e-02	0.34	.00004551
3_123066485_G_T	-1.400e-02	0.56	.00004559
2_172105625_G_A	1.300e-02	0.47	.0000458
8_30565945_C_T	1.500e-02	0.65	.00004606
10_69591160_G_A	1.800e-02	0.24	.00004623
3_123096322_G_C	-1.300e-02	0.55	.00004625
5_73434500_T_C	-1.500e-02	0.74	.00004631
11_61551356_T_C	1.400e-02	0.36	.00004644
8_118238117_A_C	1.800e-02	0.73	.00004651
7_15093202_C_A	-1.500e-02	0.32	.00004664
6_90019309_T_A	1.500e-02	0.36	.00004682
15_82309647_T_C	-1.500e-02	0.76	.00004706
11_8338357_C_T	-1.800e-02	0.23	.0000471
3_123082416_A_G	-1.300e-02	0.56	.0000471
9_4291928_A_C	-1.400e-02	0.38	.00004711
10_73307253_A_G	2.100e-02	0.20	.00004719
9_4291268_C_T	1.300e-02	0.45	.00004729
20_22593194_C_T	2.600e-02	0.08	.00004736
3_170724036_T_C	2.200e-02	0.11	.00004751
15_82319768_C_T	-1.400e-02	0.75	.0000477
9_4285986_G_C,T	1.300e-02	0.46	.00004771
12_102907302_G_A	1.700e-02	0.82	.0000479
3_170674865_A_C	2.200e-02	0.11	.00004795
2_169704333_T_A	5.100e-02	0.01	.00004822
11_8338515_G_A	-1.800e-02	0.23	.00004832
6_53517854_C_G	-2.600e-02	0.06	.00004851
19_45453165_C_T	1.400e-02	0.47	.00004868
3_170675588_G_A	2.100e-02	0.11	.00004891
10_69856572_A_T	-1.400e-02	0.38	.00004939
17_11115493_A_G	3.400e-02	0.93	.0000496
12_102908993_A_G	2.200e-02	0.88	.0000496
12_102911650_G_C	2.200e-02	0.89	.00004988
8_103945442_C_G	1.700e-02	0.20	.00004997
6_53522919_G_T	-2.600e-02	0.06	.00004999
2_172107822_A_G	1.400e-02	0.66	.00005016
15_95710750_A_C	-1.400e-02	0.35	.00005064
12_102908197_C_T	2.100e-02	0.88	.00005064
9_4289196_T_C	1.300e-02	0.46	.00005102
12_102929140_T_C	2.400e-02	0.90	.00005103
3_170676134_C_G	1.500e-02	0.29	.00005126
11_2528003_C_T	1.600e-02	0.23	.00005138
1_91782031_T_C	1.500e-02	0.23	.00005138
15_82310291_T_G	-1.500e-02	0.76	.00005157
3_170715830_G_A	1.500e-02	0.29	.00005164
4_46639179_A_G	-1.800e-02	0.15	.00005167
19_7166138_G_A	1.500e-02	0.29	.00005183
3_11130020_A_G	1.600e-02	0.72	.0000519
1_40145616_A_C	-2.400e-02	0.09	.00005213
6_53535989_G_A	-2.600e-02	0.06	.00005214
15_82313435_T_C	-1.500e-02	0.76	.00005251
7_14905933_G_A	1.400e-02	0.69	.00005257
6_116745709_T_C	1.000e-01	0.04	.00005265
7_15089975_T_C	-1.400e-02	0.41	.00005282
19_45458146_A_C	1.300e-02	0.47	.00005364
6_53524884_A_G	-2.600e-02	0.06	.0000539
1_223520861_A_G	-1.800e-02	0.26	.00005393
13_102514761_C_T	4.500e-02	0.03	.00005416
7_44219338_A_G	-1.600e-02	0.25	.00005427
10_113040471_C_T	-1.600e-02	0.81	.00005503
16_75655049_C_T	1.600e-02	0.24	.00005512
9_105845247_G_A	1.400e-02	0.37	.00005512
3_170691812_G_A	2.100e-02	0.11	.00005529
14_69171504_C_A	-1.600e-02	0.24	.00005541
15_82323029_T_G	-1.500e-02	0.74	.00005574
3_123068743_A_G	1.300e-02	0.44	.00005602
13_79723879_T_C	4.600e-02	0.04	.00005633
4_46736853_A_T	-1.800e-02	0.16	.00005651
11_45878992_A_G	1.400e-02	0.49	.00005652
2_169708308_A_T	-2.200e-02	0.14	.00005653
8_6686791_C_T	2.600e-02	0.22	.00005659
9_105832507_T_C	1.400e-02	0.39	.00005698
2_172103822_C_A	1.300e-02	0.66	.00005705
1_71020004_C_T	1.500e-02	0.24	.00005735
7_15095509_A_T	-1.400e-02	0.43	.00005746
6_34949607_C_T	3.000e-02	0.79	.00005767
6_53532704_G_A	-2.600e-02	0.06	.00005839
1_71032323_A_G	1.500e-02	0.24	.00005895
7_15039605_C_A	1.400e-02	0.64	.00005926
11_8340724_C_T	-1.900e-02	0.23	.00005948
14_37594251_T_A	-7.000e-02	0.02	.00005963
15_95712001_G_A	-1.400e-02	0.35	.00005977
19_7167715_A_G	1.500e-02	0.29	.00005993
3_170693708_A_G	2.100e-02	0.11	.00006054
7_124376419_A_G	-1.300e-02	0.54	.00006063
9_105831341_G_A	1.400e-02	0.39	.00006087
19_45457306_C_T	1.300e-02	0.47	.00006091
19_45459851_T_C	1.300e-02	0.47	.00006099
11_61551927_A_C	1.300e-02	0.36	.00006117
9_4287211_G_C	1.300e-02	0.47	.0000613
8_103943414_C_T	1.700e-02	0.20	.00006143
7_44210710_C_T	-1.500e-02	0.25	.00006187
13_38087145_T_C	-1.300e-02	0.44	.00006211
10_113048223_G_A	-1.700e-02	0.77	.00006251
11_84061214_T_C	1.800e-02	0.20	.00006268
6_34982058_G_A	2.600e-02	0.69	.00006274
6_20674691_C_T	-1.700e-02	0.17	.00006274
9_11462576_C_T	3.500e-02	0.05	.00006334
2_43764442_T_C	2.400e-02	0.09	.00006337
19_45457105_A_G	1.300e-02	0.47	.00006349
19_7167817_C_A	1.500e-02	0.28	.00006366
9_4291747_C_G	-1.300e-02	0.54	.00006368
10_95384152_C_T	1.400e-02	0.36	.00006411
19_7169247_C_T	1.500e-02	0.29	.0000643
20_22576281_G_C	2.600e-02	0.08	.00006432
3_170727218_G_A	2.100e-02	0.11	.00006547
7_124379865_C_G	-1.300e-02	0.54	.00006581
20_22567942_C_T	3.700e-02	0.06	.00006595
11_8341087_G_A	-2.100e-02	0.24	.00006643
2_53219203_T_C	2.000e-02	0.88	.00006673
6_20705590_T_G	-1.600e-02	0.17	.00006675
13_108117023_T_C	1.500e-02	0.78	.00006694
3_170695426_G_A	1.400e-02	0.29	.00006705
20_22573936_C_A	3.800e-02	0.06	.00006719
5_73459885_T_G	-1.400e-02	0.73	.00006762
5_31677130_G_T	-1.400e-02	0.34	.00006768
8_118249754_A_G	1.900e-02	0.77	.00006791
3_170705693_A_G	1.400e-02	0.29	.00006805
16_80460001_G_C	2.500e-02	0.12	.00006815
7_124379766_A_G	-1.300e-02	0.54	.0000682
2_169816936_G_C	-1.500e-02	0.34	.00006915
1_91780916_A_G	-1.400e-02	0.68	.0000694
2_43732823_T_C	2.300e-02	0.09	.00006978
2_43618819_C_T	2.400e-02	0.08	.00006983
12_102827441_G_C	1.400e-02	0.73	.00007031
3_170709193_C_T	1.400e-02	0.29	.00007055
20_22556593_A_C	3.500e-02	0.07	.00007091
20_22557099_G_A	3.500e-02	0.07	.00007193
12_102893859_C_T	2.100e-02	0.89	.00007205
2_43761299_A_G	2.400e-02	0.09	.00007236
7_156942085_C_T	2.100e-02	0.09	.00007262
14_69139662_A_G	1.500e-02	0.35	.00007277
10_69720082_T_C	1.600e-02	0.67	.00007282
5_153883392_G_A	1.800e-02	0.15	.00007346
9_105824431_C_G	1.300e-02	0.37	.00007386
19_45457180_T_C	1.300e-02	0.47	.00007397
2_43629931_G_T	2.400e-02	0.09	.00007523
4_66645823_C_A	-2.200e-02	0.89	.00007559
17_52830106_A_G	-1.400e-02	0.61	.0000757
11_8341382_A_G	-1.700e-02	0.24	.00007588
20_31089316_C_G	2.400e-02	0.08	.000076
14_69173252_C_T	-1.600e-02	0.25	.00007608
3_123066010_A_G	1.300e-02	0.43	.00007634
2_43721954_G_A	2.400e-02	0.09	.00007707
3_170671429_C_A	1.500e-02	0.25	.0000771
1_161101890_A_C	-1.300e-02	0.40	.00007717
14_51441172_C_T	-1.900e-02	0.13	.00007737
11_8341501_G_C	-1.700e-02	0.24	.00007739
6_53517035_G_A	-2.500e-02	0.06	.00007746
8_117778607_T_C	2.900e-02	0.06	.00007751
11_89843478_T_C	-1.900e-02	0.14	.00007755
9_105816279_G_T	1.300e-02	0.37	.00007762
1_88253798_C_T	-1.400e-02	0.47	.00007764
13_102627194_T_C	-1.400e-02	0.32	.00007765
9_11831288_G_A	3.500e-02	0.04	.00007766
6_20717255_T_C	-1.600e-02	0.17	.00007792
10_51522276_C_G	1.300e-02	0.43	.00007797
6_90019967_C_T	1.400e-02	0.45	.00007824
13_108118091_T_G	-2.600e-02	0.07	.00007897
13_108059129_C_T	-2.700e-02	0.13	.0000792
8_118189531_C_T	1.400e-02	0.60	.00007925
10_69877529_T_C	-1.300e-02	0.39	.00007964
2_169703974_G_A	1.500e-02	0.23	.00007993
1_91774820_C_G	1.400e-02	0.32	.00008005
20_22580901_G_A	2.600e-02	0.08	.00008013
2_182580567_T_C	-1.500e-02	0.29	.00008035
11_47293799_G_C	1.500e-02	0.26	.00008063
12_102881696_T_G	2.100e-02	0.89	.00008088
20_22578415_G_A	2.600e-02	0.08	.00008089
13_102627001_G_A	-1.400e-02	0.31	.00008132
6_20713706_A_G	-1.600e-02	0.17	.00008155
1_91784088_A_G	-1.400e-02	0.68	.00008163
6_20717095_A_G	-1.600e-02	0.17	.00008187
7_124381046_A_G	-1.300e-02	0.54	.00008198
3_123064089_T_C	1.300e-02	0.43	.00008206
7_157028415_A_T	2.100e-02	0.10	.00008243
15_95711685_A_G	-1.300e-02	0.35	.00008315
15_95711853_T_C	-1.300e-02	0.35	.0000833
7_157003166_A_G	2.000e-02	0.10	.0000834
1_161136224_C_A	-1.300e-02	0.40	.0000835
8_118221096_G_C	1.500e-02	0.60	.00008352
9_105820941_A_G	1.300e-02	0.37	.00008362
3_170710456_C_T	2.100e-02	0.11	.00008364
3_123068286_C_T	-1.300e-02	0.56	.00008423
7_15883727_C_G	1.600e-02	0.34	.00008432
11_61609750_C_T	1.400e-02	0.37	.00008432
20_22581268_T_C	2.600e-02	0.08	.00008432
20_22582954_G_T	2.600e-02	0.08	.00008478
3_123068109_C_T	1.300e-02	0.44	.00008487
1_161115315_C_G	-1.300e-02	0.40	.0000851
13_108097243_C_T	1.500e-02	0.76	.00008569
9_11613940_C_A	4.200e-02	0.05	.00008596
11_47336320_A_T	1.500e-02	0.28	.0000864
7_15087599_C_T	1.400e-02	0.59	.00008668
13_108121676_G_A	-2.600e-02	0.07	.0000867
3_170769171_T_C	1.700e-02	0.78	.00008692
10_69820644_T_C	-1.300e-02	0.34	.00008714
3_123062970_C_G	-1.300e-02	0.56	.00008715
11_134764129_G_T	1.300e-02	0.41	.0000873
11_47346723_T_C	1.500e-02	0.28	.00008739
10_51510761_G_A	1.400e-02	0.43	.00008878
15_95710335_A_G	-1.300e-02	0.35	.00008939
15_95710762_G_A	-1.300e-02	0.35	.00008947
6_20716958_G_A	-1.600e-02	0.17	.00008953
11_61597972_A_G	1.300e-02	0.36	.00008974
13_22040252_C_T	3.700e-02	0.15	.00008983
10_105671132_A_G	2.400e-02	0.91	.00008997
1_71021214_G_C	1.500e-02	0.24	.00009
5_73435250_C_T	-1.400e-02	0.74	.0000902
7_156983847_A_G	2.100e-02	0.10	.00009034
10_69829397_C_T	-2.600e-02	0.34	.00009058
9_105815502_G_A	1.300e-02	0.37	.00009176
21_20772976_A_G	-1.300e-02	0.49	.00009204
14_51441852_A_G	-1.900e-02	0.13	.00009247
22_30661184_T_C	1.800e-02	0.17	.00009263
12_20952165_T_C	-2.000e-02	0.13	.00009268
10_95380969_G_A	1.400e-02	0.32	.00009286
10_69704101_C_T	1.300e-02	0.66	.00009287
6_20719232_T_A	-1.600e-02	0.17	.0000938
11_72433098_A_C	1.700e-02	0.16	.00009385
2_169589698_G_A	-2.500e-02	0.95	.00009403
8_30575838_T_C	-1.900e-02	0.10	.00009405
4_106066293_A_C	-1.800e-02	0.16	.00009421
7_124382714_T_G	-1.400e-02	0.72	.00009421
10_69819865_T_C	-1.300e-02	0.34	.00009422
10_69846726_T_A	-1.400e-02	0.34	.00009462
7_156983508_A_G	2.000e-02	0.10	.00009478
7_156985052_C_T	2.000e-02	0.11	.00009483
6_20719561_G_A	-1.600e-02	0.17	.00009506
10_69819917_T_C	-1.300e-02	0.34	.00009509
10_51503335_C_T	1.400e-02	0.43	.0000951
12_102929003_G_T	1.700e-02	0.82	.00009564
20_22577636_A_G	2.600e-02	0.08	.00009578
15_25304877_C_A	-3.600e-02	0.06	.00009589
9_13859052_C_T	1.800e-02	0.27	.00009612
10_69843307_T_C	-1.400e-02	0.34	.00009814
10_122544065_G_A	2.600e-02	0.06	.00009838
1_91777923_G_A	1.300e-02	0.32	.00009905
8_118222398_G_A	1.500e-02	0.60	.00009914
6_33421577_T_C	-1.400e-02	0.37	.00009935
7_15066544_G_T	2.800e-02	0.30	.00009958
10_69807044_T_C	-1.300e-02	0.34	.00009972
