4_76101434_C_T	-1.730e-01	0.03	3.612e-06
4_24686179_G_A	5.530e-02	0.56	4.121e-06
4_24681445_G_A	5.430e-02	0.56	4.165e-06
4_76077129_G_A	2.042e-01	0.98	4.19e-06
4_24681821_G_A	5.410e-02	0.56	4.502e-06
4_24684521_T_C	5.430e-02	0.56	4.628e-06
4_24683906_G_A	5.410e-02	0.56	4.635e-06
4_24683265_A_G	5.400e-02	0.56	4.732e-06
4_24684882_T_C	5.410e-02	0.56	4.972e-06
4_76208219_C_T	1.893e-01	0.97	5.135e-06
4_76118385_C_T	-1.638e-01	0.03	5.4e-06
16_56065760_A_G	6.130e-02	0.44	5.463e-06
4_24682569_G_A	5.350e-02	0.56	5.589e-06
4_24682795_A_G	5.340e-02	0.56	6.014e-06
10_89773022_T_C	-5.570e-02	0.63	7.093e-06
10_89777788_A_G	-5.530e-02	0.63	7.127e-06
14_83392203_T_C	5.390e-02	0.50	7.17e-06
14_83392744_G_A	5.390e-02	0.50	7.18e-06
14_83393157_C_A	5.370e-02	0.58	7.741e-06
11_26040518_T_A	5.870e-02	0.32	9.869e-06
2_50443675_T_C	-1.452e-01	0.04	1.048e-05
14_83393115_G_A	5.310e-02	0.58	1.178e-05
4_132764602_A_G	-8.320e-02	0.17	1.179e-05
14_86927406_C_T	-1.261e-01	0.07	1.203e-05
9_9188865_A_G	-5.850e-02	0.62	1.204e-05
4_132745065_A_G	-8.280e-02	0.13	1.264e-05
11_26041936_A_G	5.720e-02	0.32	1.421e-05
7_67018078_C_G	9.630e-02	0.91	1.513e-05
11_84457761_A_G	-6.800e-02	0.17	1.565e-05
4_24688021_G_A	5.160e-02	0.59	1.863e-05
2_57727211_A_T	-1.133e-01	0.06	1.887e-05
4_24715543_G_A	-5.140e-02	0.39	1.921e-05
4_24691738_C_T	-5.180e-02	0.39	1.957e-05
4_24715414_C_T	-5.130e-02	0.39	2.052e-05
4_24687988_A_G	5.140e-02	0.59	2.063e-05
4_161117173_A_T	-2.971e-01	0.01	2.102e-05
4_161126212_C_G	-2.940e-01	0.01	2.104e-05
3_30343405_G_A	1.010e-01	0.10	2.252e-05
7_67028881_T_C	9.240e-02	0.91	2.271e-05
4_132757887_A_C	-6.840e-02	0.17	2.304e-05
11_127432836_G_A	6.700e-02	0.17	2.335e-05
2_194951612_A_C	2.867e-01	1.00	2.35e-05
11_127432954_C_A	6.700e-02	0.17	2.356e-05
11_127432979_C_T	6.710e-02	0.17	2.356e-05
11_127428212_C_A	6.640e-02	0.17	2.359e-05
14_47584369_G_A	-7.910e-02	0.13	2.366e-05
11_127424024_C_T	6.610e-02	0.17	2.46e-05
12_97809434_T_C	1.972e-01	0.06	2.513e-05
14_47585264_G_T	-7.870e-02	0.13	2.518e-05
4_132773067_T_C	-8.540e-02	0.11	2.531e-05
14_47585295_A_T	-7.870e-02	0.13	2.531e-05
3_30300315_A_G	-6.640e-02	0.79	2.545e-05
14_47585507_G_T	-7.860e-02	0.13	2.564e-05
22_35750980_G_A	9.260e-02	0.08	2.591e-05
14_47587390_A_G	-7.750e-02	0.13	2.609e-05
11_57865302_T_C	5.000e-02	0.40	2.616e-05
11_57863673_T_G	4.990e-02	0.40	2.703e-05
9_77809097_A_G	-1.023e-01	0.18	2.717e-05
14_86931314_C_T	-1.055e-01	0.09	2.781e-05
14_47578389_C_T	-7.930e-02	0.13	2.785e-05
14_47600301_A_G	-7.860e-02	0.13	2.793e-05
14_86932296_A_G	-1.065e-01	0.09	2.807e-05
4_24710623_C_T	-5.050e-02	0.38	2.908e-05
18_69227590_G_A	-5.360e-02	0.62	2.912e-05
18_30134024_C_A	-5.170e-02	0.39	2.923e-05
14_47572394_G_A	-7.960e-02	0.13	2.945e-05
4_24710866_G_A	-5.040e-02	0.40	2.948e-05
14_47566897_T_C	-8.070e-02	0.13	2.979e-05
7_67294946_A_C	-7.050e-02	0.16	3.004e-05
18_69233857_T_C	5.480e-02	0.30	3.035e-05
4_24696908_T_C	-5.050e-02	0.40	3.05e-05
4_132774324_T_C	-8.730e-02	0.11	3.076e-05
18_69230027_T_G	5.410e-02	0.30	3.117e-05
5_28294232_C_T	-1.098e-01	0.10	3.156e-05
4_24698022_G_A	-5.040e-02	0.40	3.191e-05
11_33519523_C_T	-9.040e-02	0.09	3.204e-05
22_26495865_G_A	1.608e-01	0.01	3.204e-05
14_47570583_A_T	-7.980e-02	0.13	3.223e-05
14_86928890_C_T	-1.045e-01	0.09	3.238e-05
10_131211015_C_T	-8.810e-02	0.26	3.271e-05
14_47594607_T_C	-7.670e-02	0.13	3.3e-05
4_24698303_G_C	-5.020e-02	0.40	3.421e-05
14_47590665_T_A	-7.640e-02	0.13	3.435e-05
18_30134335_C_T	-5.120e-02	0.39	3.469e-05
3_30295430_G_A	7.370e-02	0.15	3.493e-05
4_24694435_T_C	-5.020e-02	0.40	3.497e-05
14_47595232_T_C	-7.690e-02	0.13	3.513e-05
14_47569625_A_G	-7.980e-02	0.13	3.532e-05
4_24695544_C_T	-5.010e-02	0.40	3.538e-05
14_47594650_T_C	-7.670e-02	0.13	3.539e-05
14_47569615_G_C	-7.980e-02	0.13	3.561e-05
3_30282848_T_A	7.660e-02	0.15	3.583e-05
4_24695605_T_C	-4.990e-02	0.40	3.7e-05
1_81529677_G_A	-5.890e-02	0.26	3.723e-05
14_47594099_A_G	-7.570e-02	0.13	3.764e-05
19_16899865_A_G	1.393e-01	0.05	3.791e-05
4_24696856_G_A	-4.980e-02	0.40	3.831e-05
1_165095279_C_T	-8.690e-02	0.09	3.86e-05
4_24695966_T_C	-4.980e-02	0.40	3.889e-05
10_89774578_T_C	-5.220e-02	0.48	3.899e-05
5_42506775_G_A	5.180e-02	0.49	3.943e-05
18_69227034_A_G	5.370e-02	0.30	3.958e-05
16_83375743_G_A	4.950e-02	0.40	4.037e-05
18_69226953_C_G	5.380e-02	0.30	4.052e-05
4_24700151_A_T	-4.960e-02	0.40	4.11e-05
5_111157234_A_T	-6.490e-02	0.22	4.206e-05
1_165098287_T_C	-8.640e-02	0.09	4.292e-05
9_120698275_C_T	5.030e-02	0.38	4.44e-05
7_67019762_T_C	7.840e-02	0.89	4.481e-05
16_83377201_A_C	4.870e-02	0.41	4.511e-05
14_95814046_C_T	6.220e-02	0.61	4.515e-05
16_83377953_G_C	4.920e-02	0.41	4.54e-05
4_24711487_T_G	-5.060e-02	0.40	4.562e-05
11_57900983_C_T	4.900e-02	0.47	4.569e-05
5_111197930_T_C	-6.820e-02	0.21	4.593e-05
14_47638954_C_T	-8.460e-02	0.11	4.616e-05
8_112028234_G_A	-6.650e-02	0.84	4.644e-05
8_112028871_T_C	-6.630e-02	0.84	4.662e-05
3_73660853_C_T	1.839e-01	0.01	4.781e-05
4_24716903_G_A	-5.020e-02	0.46	4.83e-05
11_57880392_C_T	4.790e-02	0.41	4.859e-05
18_30152146_C_T	4.820e-02	0.61	4.879e-05
4_24711351_A_T	-4.920e-02	0.40	4.909e-05
10_89779324_T_C	-5.590e-02	0.29	4.951e-05
4_24716834_C_T	-4.990e-02	0.46	5.048e-05
18_30150946_A_G	4.800e-02	0.61	5.091e-05
4_132723502_G_C	-7.180e-02	0.15	5.114e-05
18_30149847_C_A	4.800e-02	0.61	5.215e-05
4_24711754_C_T	-4.890e-02	0.40	5.239e-05
18_30153467_T_C	4.800e-02	0.61	5.247e-05
3_30285495_C_A	7.330e-02	0.12	5.252e-05
11_84417846_T_C	-6.170e-02	0.17	5.261e-05
18_30148924_A_C	-4.790e-02	0.39	5.268e-05
4_130485262_A_G	4.730e-02	0.55	5.319e-05
18_30146667_T_C	4.810e-02	0.61	5.351e-05
14_47639275_A_G	-8.380e-02	0.11	5.45e-05
4_130489078_G_A	4.720e-02	0.55	5.465e-05
16_56074984_C_T	4.910e-02	0.44	5.47e-05
16_56075230_C_T	4.900e-02	0.44	5.521e-05
18_30145492_G_C	4.780e-02	0.61	5.535e-05
3_71999269_T_C	1.081e-01	0.11	5.604e-05
11_11850985_T_C	1.123e-01	0.09	5.62e-05
5_123174247_A_G	4.850e-02	0.55	5.625e-05
18_30140427_G_C	-4.770e-02	0.39	5.649e-05
8_112033379_G_A	-6.410e-02	0.84	5.691e-05
10_130710167_T_G	-9.570e-02	0.33	5.78e-05
5_42489142_A_C	4.850e-02	0.49	5.839e-05
10_89599354_A_C	5.490e-02	0.39	5.853e-05
5_42487210_G_T	4.850e-02	0.50	5.871e-05
7_154925087_T_C	-1.181e-01	0.92	5.881e-05
18_30140024_G_A	-4.750e-02	0.39	6.069e-05
14_37565025_A_G	-8.810e-02	0.75	6.13e-05
6_111135497_C_T	7.810e-02	0.17	6.143e-05
6_40743310_C_G	1.300e-01	0.06	6.146e-05
16_56068939_T_G	4.880e-02	0.44	6.178e-05
10_89772989_C_T	-5.130e-02	0.48	6.301e-05
4_24709204_A_G	-4.830e-02	0.40	6.373e-05
4_24706549_A_G	-4.830e-02	0.40	6.374e-05
8_112037953_C_G	-6.270e-02	0.84	6.528e-05
16_83375345_C_T	6.350e-02	0.18	6.618e-05
3_51738101_G_A	-9.990e-02	0.05	6.726e-05
8_112043204_A_T	-6.200e-02	0.84	6.783e-05
18_30142389_G_A	-4.760e-02	0.39	6.818e-05
1_108024868_C_T	5.120e-02	0.40	6.898e-05
1_218084959_G_T	9.290e-02	0.08	6.973e-05
9_120674488_A_T	5.000e-02	0.38	7.056e-05
1_218085255_G_A	9.260e-02	0.07	7.073e-05
5_42499617_G_T	4.850e-02	0.49	7.095e-05
8_69295941_G_C	6.330e-02	0.16	7.176e-05
14_47621043_C_A	-8.150e-02	0.11	7.181e-05
8_112049175_C_T	-6.170e-02	0.84	7.248e-05
5_42519262_T_C	4.890e-02	0.49	7.272e-05
5_42504295_T_A	4.840e-02	0.49	7.321e-05
16_77366588_A_G	-5.420e-02	0.23	7.321e-05
4_24706382_G_A	-4.820e-02	0.41	7.374e-05
18_6452072_T_G	-1.508e-01	0.03	7.41e-05
3_10589946_C_T	-1.045e-01	0.04	7.425e-05
3_10617048_C_T	-1.348e-01	0.05	7.435e-05
4_24710622_A_C	-4.930e-02	0.45	7.501e-05
4_130476563_T_C	4.640e-02	0.56	7.516e-05
4_24710701_C_G	-4.930e-02	0.46	7.582e-05
2_50443658_T_C	-8.260e-02	0.08	7.659e-05
7_67283756_C_T	-6.380e-02	0.22	7.674e-05
10_95303415_A_C	-8.670e-02	0.92	7.736e-05
9_106136834_T_C	-8.500e-02	0.18	7.773e-05
18_30153840_G_A	-4.800e-02	0.39	7.915e-05
14_47635084_A_G	-8.280e-02	0.11	7.939e-05
5_42521327_A_C	4.850e-02	0.49	8.011e-05
8_112058442_G_T	-6.110e-02	0.85	8.017e-05
7_67290794_T_C	-6.360e-02	0.22	8.068e-05
8_112061575_G_C	-6.100e-02	0.85	8.092e-05
16_83451039_G_A	-4.880e-02	0.35	8.127e-05
4_161125547_A_C	-2.595e-01	0.01	8.239e-05
7_138030784_A_G	-8.690e-02	0.20	8.253e-05
4_130479120_A_T	4.620e-02	0.55	8.265e-05
13_53538596_C_G	9.380e-02	0.11	8.328e-05
8_112060308_G_A	-6.090e-02	0.84	8.33e-05
5_42514509_T_G	4.830e-02	0.49	8.331e-05
4_24679476_T_C	-4.970e-02	0.31	8.344e-05
21_42308567_C_T	2.467e-01	0.97	8.369e-05
7_46487299_A_C	6.180e-02	0.21	8.378e-05
5_42513516_C_A	4.830e-02	0.49	8.397e-05
14_95818353_C_T	-5.720e-02	0.40	8.448e-05
14_47620315_G_T	-8.060e-02	0.11	8.52e-05
5_42507333_T_G	4.820e-02	0.49	8.553e-05
14_47616946_T_G	-8.050e-02	0.11	8.612e-05
5_42507796_T_C	4.820e-02	0.49	8.65e-05
7_46489504_C_T	6.130e-02	0.21	8.726e-05
5_42463609_G_A	4.710e-02	0.49	8.786e-05
5_42527938_G_A	4.840e-02	0.49	8.917e-05
11_57884611_G_A	4.670e-02	0.41	8.945e-05
5_42463775_G_A	4.700e-02	0.49	8.956e-05
11_69003979_A_T	7.280e-02	0.16	8.971e-05
8_112068743_C_T	-6.050e-02	0.84	8.992e-05
16_77366612_C_T	-5.350e-02	0.23	9.016e-05
5_80655266_T_C	5.050e-02	0.45	9.108e-05
11_68992285_C_A	7.010e-02	0.17	9.123e-05
10_89778495_C_T	-5.350e-02	0.35	9.262e-05
11_84391899_T_C	-5.960e-02	0.18	9.547e-05
16_83376093_G_C	-4.680e-02	0.58	9.59e-05
5_96107202_G_T	1.127e-01	0.93	9.696e-05
12_1755654_C_T	-5.320e-02	0.66	9.709e-05
11_69002342_T_C	7.230e-02	0.16	9.997e-05
