12_102929003_G_T	2.600e-02	0.82	3.715e-10
12_102929883_G_A	2.500e-02	0.83	9.818e-10
8_9183358_A_G	-3.000e-02	0.92	1.649e-09
8_9183596_A_G	-3.000e-02	0.92	1.714e-09
8_9184231_G_A	-3.000e-02	0.92	1.808e-09
12_102955973_A_G	2.400e-02	0.83	2.377e-09
8_9184691_T_C	-2.900e-02	0.91	2.996e-09
8_9187242_A_G	-2.900e-02	0.91	3.302e-09
2_27741237_T_C	1.900e-02	0.59	3.401e-09
12_102898446_G_A	2.300e-02	0.82	5.436e-09
8_9185146_T_C	-2.800e-02	0.91	5.771e-09
2_27730940_T_C	1.900e-02	0.59	5.881e-09
2_27742603_T_C	1.800e-02	0.59	7.409e-09
12_102942355_G_A	2.400e-02	0.82	7.622e-09
12_102901442_C_T	2.300e-02	0.82	7.986e-09
12_102912558_G_A	2.300e-02	0.83	8.734e-09
12_102904683_A_G	2.300e-02	0.82	8.748e-09
12_102943000_A_G	2.400e-02	0.82	8.76e-09
12_102943707_G_C	2.400e-02	0.82	8.932e-09
12_102908297_A_G	2.300e-02	0.83	9.426e-09
12_102959565_G_A	-2.300e-02	0.17	1.012e-08
7_75097488_A_G	2.000e-02	0.54	1.195e-08
12_102891182_C_T	2.300e-02	0.83	1.302e-08
12_102897764_C_T	2.300e-02	0.83	1.445e-08
12_102901778_C_A	2.300e-02	0.82	1.783e-08
12_102930095_T_C	2.400e-02	0.84	2.273e-08
7_75176196_G_A	2.000e-02	0.55	2.398e-08
12_102937739_A_G	2.200e-02	0.83	2.683e-08
12_102936946_C_T	2.200e-02	0.83	3.183e-08
8_9178268_A_T	-2.600e-02	0.91	3.212e-08
12_102950048_T_C	2.100e-02	0.82	4.297e-08
12_102910810_A_G	2.200e-02	0.83	4.471e-08
12_102953895_C_A	2.100e-02	0.82	4.753e-08
9_15696501_G_A	-4.200e-02	0.96	5.289e-08
12_102899704_C_T	2.400e-02	0.84	5.424e-08
12_102898532_G_A	2.400e-02	0.84	6.42e-08
12_102875569_A_G	2.300e-02	0.84	7.38e-08
8_9177732_T_G	-2.500e-02	0.90	7.789e-08
12_102900519_C_T	2.400e-02	0.84	7.799e-08
12_102898353_A_G	2.400e-02	0.84	7.865e-08
12_102904181_T_C	2.400e-02	0.84	8.378e-08
12_102902923_A_G	2.400e-02	0.84	8.441e-08
12_102897833_T_C	2.400e-02	0.85	8.517e-08
12_102904519_A_G	2.400e-02	0.84	8.543e-08
12_102937106_G_A	2.100e-02	0.83	9.05e-08
12_102904594_C_T	2.400e-02	0.84	9.066e-08
12_102906642_A_G	2.400e-02	0.84	9.208e-08
12_102906927_C_T	2.400e-02	0.84	9.233e-08
12_102900935_C_A	2.400e-02	0.84	9.6e-08
7_75173180_A_G	1.900e-02	0.56	1.001e-07
12_102950218_T_C	2.100e-02	0.82	1.191e-07
9_15661859_G_A	-4.200e-02	0.96	1.413e-07
12_102880473_C_T	2.200e-02	0.83	1.441e-07
7_75163169_A_G	1.800e-02	0.54	1.514e-07
12_102904406_C_A	2.400e-02	0.82	1.546e-07
12_102949647_T_C	2.200e-02	0.85	1.598e-07
9_15694690_G_A	-4.000e-02	0.96	1.646e-07
12_102935262_G_A	2.100e-02	0.83	1.772e-07
9_15656806_G_A	-4.000e-02	0.96	1.862e-07
7_75101065_C_T	-1.900e-02	0.44	1.921e-07
9_15696281_G_A	-3.900e-02	0.96	2.192e-07
12_102962507_G_A	-2.600e-02	0.10	2.732e-07
10_114758349_C_T	-1.800e-02	0.31	2.757e-07
9_15620625_G_A	4.000e-02	0.06	2.98e-07
10_114767771_G_A	-1.800e-02	0.33	3.303e-07
9_15696233_G_A	-3.900e-02	0.96	3.326e-07
9_15695418_G_A	-3.800e-02	0.96	3.349e-07
9_15694789_G_C	-3.800e-02	0.96	3.352e-07
12_102932163_C_T	2.400e-02	0.84	3.435e-07
9_15691142_A_T	-3.800e-02	0.96	3.452e-07
12_102954256_G_C	2.100e-02	0.85	3.559e-07
9_15687231_A_C	-3.800e-02	0.96	3.564e-07
9_15688390_A_T	-3.800e-02	0.96	3.567e-07
9_15683075_A_G	3.800e-02	0.04	3.692e-07
12_102914109_T_C	2.500e-02	0.89	3.836e-07
9_15662620_G_A	-3.800e-02	0.96	4.2e-07
12_102907302_G_A	2.000e-02	0.82	4.221e-07
9_15660117_G_T	-3.800e-02	0.96	4.372e-07
12_102929140_T_C	2.800e-02	0.90	4.682e-07
6_34982058_G_A	2.000e-02	0.69	5.033e-07
12_102914640_A_G	2.500e-02	0.88	5.312e-07
9_15712722_G_A	-3.800e-02	0.96	5.455e-07
12_102908993_A_G	2.500e-02	0.88	5.482e-07
9_15543074_T_C	3.900e-02	0.05	5.49e-07
12_102911650_G_C	2.500e-02	0.89	5.559e-07
12_102908197_C_T	2.500e-02	0.88	5.664e-07
12_102959174_A_G	-2.100e-02	0.15	5.676e-07
9_15668606_C_T	-3.600e-02	0.95	5.818e-07
12_102958920_C_T	-2.100e-02	0.15	5.886e-07
12_102941078_C_G	2.200e-02	0.84	6.166e-07
9_15742241_A_T	-3.800e-02	0.96	6.333e-07
9_15578017_T_G	3.900e-02	0.04	6.792e-07
9_15534070_C_T	3.900e-02	0.06	7.004e-07
12_102943208_G_A	2.200e-02	0.84	7.542e-07
2_227047771_C_T	1.600e-02	0.66	7.739e-07
12_102958562_A_G	-2.100e-02	0.15	7.77e-07
10_114756041_A_T	-1.700e-02	0.33	8.449e-07
12_102959705_C_T	-2.100e-02	0.15	8.701e-07
9_15537378_A_G	3.800e-02	0.05	8.882e-07
9_15535630_T_A	3.800e-02	0.05	8.944e-07
12_102944673_A_G	2.200e-02	0.84	9.068e-07
12_102938631_C_G	2.100e-02	0.85	9.177e-07
12_102893859_C_T	2.400e-02	0.89	9.261e-07
8_9183664_A_G	-2.700e-02	0.92	9.526e-07
12_102938494_T_C	2.100e-02	0.85	9.566e-07
9_15572608_C_T	3.900e-02	0.04	1.02e-06
9_15636040_A_G	3.900e-02	0.04	1.025e-06
9_15623908_T_G	3.900e-02	0.04	1.03e-06
16_7493956_C_G	1.500e-02	0.42	1.062e-06
16_7497702_T_C	1.500e-02	0.42	1.079e-06
9_15533612_A_C	3.800e-02	0.06	1.086e-06
2_227046342_T_C	1.500e-02	0.51	1.096e-06
2_227068080_A_C	1.600e-02	0.66	1.112e-06
9_15574722_C_G	3.900e-02	0.04	1.153e-06
12_102942110_C_A	2.100e-02	0.82	1.156e-06
9_15612830_G_A	3.800e-02	0.04	1.177e-06
9_15614344_A_G	3.800e-02	0.04	1.2e-06
9_15577502_A_G	3.800e-02	0.04	1.207e-06
9_15549731_A_C	3.800e-02	0.05	1.245e-06
10_114788815_T_C	-1.800e-02	0.28	1.285e-06
2_227101411_A_G	1.600e-02	0.63	1.288e-06
12_102934415_G_T	2.300e-02	0.85	1.299e-06
12_102957866_T_G	2.000e-02	0.85	1.385e-06
12_102871259_C_T	2.100e-02	0.84	1.405e-06
9_15669918_C_G	-3.400e-02	0.95	1.473e-06
9_15794858_G_A	-3.900e-02	0.96	1.476e-06
9_15755257_T_C	-3.700e-02	0.96	1.54e-06
9_15755674_T_C	-3.700e-02	0.96	1.568e-06
9_15754439_G_T	-3.700e-02	0.96	1.571e-06
9_15740061_T_G	-3.700e-02	0.96	1.573e-06
9_15464743_G_A	3.800e-02	0.04	1.58e-06
9_15540763_C_A	3.800e-02	0.04	1.601e-06
9_15507987_C_G	3.600e-02	0.04	1.614e-06
2_227062080_A_G	1.600e-02	0.66	1.633e-06
12_102957819_A_C	2.600e-02	0.92	1.649e-06
2_227092802_A_G	1.500e-02	0.63	1.685e-06
9_15761162_G_C	-3.700e-02	0.96	1.689e-06
9_15388994_T_C	-3.700e-02	0.96	1.691e-06
9_15536429_G_A	3.700e-02	0.04	1.712e-06
2_227105921_C_T	1.500e-02	0.63	1.733e-06
2_227100698_G_T	1.500e-02	0.62	1.849e-06
9_15771541_G_A	-3.700e-02	0.96	1.866e-06
2_227099854_T_C	1.500e-02	0.62	1.875e-06
9_15738447_T_C	-3.600e-02	0.96	1.875e-06
9_15738667_A_G	-3.800e-02	0.96	1.878e-06
16_7492515_A_G	1.500e-02	0.42	1.928e-06
7_75196531_G_A	-1.900e-02	0.46	2.035e-06
2_227099534_A_G	1.500e-02	0.62	2.037e-06
16_7504596_A_G	1.500e-02	0.43	2.051e-06
9_15533820_C_A	3.700e-02	0.06	2.096e-06
9_15737259_T_G	-3.800e-02	0.96	2.098e-06
9_15735854_A_G	-3.800e-02	0.96	2.118e-06
9_15509619_A_G	3.700e-02	0.05	2.167e-06
9_15730049_G_A	-3.800e-02	0.96	2.194e-06
2_227093585_A_C	1.500e-02	0.63	2.301e-06
4_106066293_A_C	-2.000e-02	0.16	2.328e-06
16_7504670_A_C	1.500e-02	0.43	2.366e-06
2_227093745_T_C	1.500e-02	0.63	2.398e-06
16_7495186_T_G	1.500e-02	0.42	2.479e-06
2_227054881_A_C	1.500e-02	0.51	2.487e-06
2_227108446_C_T	1.500e-02	0.62	2.546e-06
9_15719050_G_C	-3.800e-02	0.96	2.585e-06
9_15590116_A_G	3.900e-02	0.04	2.603e-06
12_102940183_T_C	2.100e-02	0.84	2.647e-06
10_114752503_T_C	-1.900e-02	0.25	2.673e-06
10_114808902_G_T	-1.700e-02	0.28	2.731e-06
9_15519811_T_G	3.600e-02	0.06	2.764e-06
9_15393063_G_A	-3.700e-02	0.96	2.778e-06
2_227116365_A_G	1.500e-02	0.63	2.826e-06
2_227054381_A_G	1.600e-02	0.67	2.876e-06
2_227099180_C_T	1.500e-02	0.62	2.913e-06
2_227103717_A_C	1.500e-02	0.63	2.947e-06
2_227047414_G_T	1.600e-02	0.67	3.02e-06
9_15389610_T_G	-3.700e-02	0.96	3.068e-06
8_9175958_C_G	1.800e-02	0.22	3.071e-06
16_7507677_C_G	1.500e-02	0.43	3.191e-06
9_15517742_A_G	3.600e-02	0.05	3.258e-06
4_106049416_A_T	-2.400e-02	0.12	3.284e-06
9_15780936_A_G	-3.600e-02	0.96	3.331e-06
2_227036603_A_C	-1.500e-02	0.49	3.421e-06
9_15782941_T_C	-3.600e-02	0.96	3.47e-06
2_227034499_G_A	-1.500e-02	0.49	3.53e-06
9_15783385_A_C	-3.600e-02	0.96	3.562e-06
2_227038818_T_C	-1.500e-02	0.49	3.573e-06
9_15786105_C_T	-3.600e-02	0.96	3.659e-06
9_15786617_A_T	-3.600e-02	0.96	3.683e-06
9_15787963_T_A	-3.600e-02	0.96	3.701e-06
9_15788170_G_A	-3.600e-02	0.95	3.709e-06
1_219673705_A_G	1.500e-02	0.70	3.768e-06
9_15791391_G_C	-3.700e-02	0.86	3.907e-06
2_227028733_A_T	-1.500e-02	0.49	3.969e-06
2_227123584_A_G	1.500e-02	0.63	3.986e-06
1_219687432_C_T	1.500e-02	0.70	4.006e-06
16_7505029_A_C	1.500e-02	0.44	4.014e-06
16_7500531_G_A	-1.400e-02	0.50	4.125e-06
9_15798628_G_A	-3.700e-02	0.96	4.177e-06
9_15571630_T_A	3.700e-02	0.04	4.288e-06
16_7505889_T_C	1.400e-02	0.43	4.302e-06
6_34845449_T_G	-1.700e-02	0.28	4.347e-06
9_15478776_T_A	3.500e-02	0.04	4.351e-06
9_15483613_T_G	3.500e-02	0.04	4.443e-06
9_15495078_A_C	3.500e-02	0.05	4.544e-06
6_91740447_G_C	-4.300e-02	0.04	4.669e-06
9_15478070_G_C	3.500e-02	0.04	4.75e-06
15_22990345_T_G	-1.700e-02	0.66	4.818e-06
7_26210306_C_A	-2.600e-02	0.10	4.873e-06
6_91756206_C_T	-4.300e-02	0.03	5.087e-06
6_34979341_C_T	1.600e-02	0.70	5.099e-06
2_227123439_C_T	1.500e-02	0.62	5.106e-06
2_227125416_T_A	1.500e-02	0.63	5.155e-06
9_15391151_A_G	-3.500e-02	0.96	5.155e-06
1_219693220_G_A	-1.500e-02	0.30	5.252e-06
9_15398170_C_T	-3.600e-02	0.96	5.255e-06
19_389397_G_C	-1.600e-02	0.38	5.27e-06
12_102946454_T_C	2.600e-02	0.91	5.405e-06
2_227121918_A_G	1.500e-02	0.62	5.475e-06
16_7504854_G_A	1.500e-02	0.42	5.492e-06
2_227125254_G_A	1.500e-02	0.62	5.728e-06
9_15388751_G_A	-3.600e-02	0.96	5.738e-06
9_15552399_C_T	3.600e-02	0.04	5.749e-06
6_91751775_C_A	-4.200e-02	0.04	5.766e-06
6_91750978_T_C	-4.200e-02	0.04	5.873e-06
9_15401811_A_T	-2.900e-02	0.93	5.93e-06
2_66603934_C_T	-6.800e-02	0.98	6.069e-06
7_75061769_C_G	2.500e-02	0.17	6.16e-06
9_15399201_C_T	-2.900e-02	0.92	6.186e-06
9_15389453_C_T	-3.600e-02	0.96	6.405e-06
2_227128899_G_A	1.500e-02	0.63	6.491e-06
2_227123086_C_T	1.500e-02	0.62	6.494e-06
6_35005084_A_C	-1.600e-02	0.28	6.515e-06
6_91753242_G_A	-4.200e-02	0.04	6.545e-06
9_15390804_T_C	-3.500e-02	0.96	6.55e-06
9_15397969_A_C	-3.000e-02	0.93	6.573e-06
9_15389881_C_T	-3.500e-02	0.96	6.615e-06
9_15439860_A_T	3.500e-02	0.04	6.642e-06
6_35004819_C_T	1.500e-02	0.40	6.652e-06
7_26212471_T_G	-2.500e-02	0.10	6.669e-06
2_227128917_C_A	1.500e-02	0.62	6.68e-06
7_26212182_G_A	-2.500e-02	0.10	6.727e-06
2_227122216_G_T	1.500e-02	0.62	6.777e-06
12_102958073_C_A	2.400e-02	0.92	6.823e-06
2_227073854_C_T	1.500e-02	0.67	6.825e-06
2_227077377_C_T	1.500e-02	0.67	6.825e-06
16_7496375_G_T	1.400e-02	0.54	6.871e-06
6_34882394_G_A	-1.600e-02	0.28	6.916e-06
1_219700519_T_C	-1.500e-02	0.30	6.952e-06
4_106078097_A_G	-2.000e-02	0.13	7.041e-06
2_227128543_T_G	1.500e-02	0.62	7.063e-06
2_27750546_T_A	1.400e-02	0.50	7.098e-06
9_15390258_T_A	-3.500e-02	0.96	7.196e-06
4_106064754_C_T	-2.000e-02	0.13	7.22e-06
9_15467902_A_C	3.500e-02	0.05	7.308e-06
9_15467817_A_G	3.500e-02	0.05	7.308e-06
1_219688634_T_C	1.400e-02	0.64	7.351e-06
2_227066574_A_C	1.500e-02	0.67	7.414e-06
9_15467175_T_G	3.400e-02	0.05	7.554e-06
6_34904584_G_A	-1.600e-02	0.28	7.574e-06
9_15394347_C_T	-2.900e-02	0.93	7.698e-06
2_227140486_A_G	1.400e-02	0.63	7.713e-06
8_14686997_T_C	1.100e-01	0.0013	7.792e-06
2_227156645_G_C	1.400e-02	0.62	7.794e-06
8_9194694_C_A	2.100e-02	0.10	7.82e-06
2_227151596_G_A	1.400e-02	0.63	7.851e-06
4_157697086_A_G	-1.700e-02	0.34	7.892e-06
2_227141768_A_T	1.400e-02	0.63	8.101e-06
16_7502361_G_T	-1.400e-02	0.50	8.11e-06
10_70342775_C_T	-1.400e-02	0.56	8.128e-06
2_227141248_A_G	1.500e-02	0.63	8.243e-06
2_227083411_A_G	1.500e-02	0.64	8.26e-06
2_227026864_T_A	-1.500e-02	0.33	8.302e-06
6_34925371_A_C	-1.600e-02	0.28	8.357e-06
19_7970635_A_G	-1.500e-02	0.59	8.408e-06
2_227058625_C_T	1.500e-02	0.67	8.423e-06
2_227156662_C_T	1.400e-02	0.62	8.46e-06
6_34904968_T_C	-1.600e-02	0.28	8.512e-06
1_219700063_C_T	-1.500e-02	0.30	8.554e-06
2_227159867_G_A	1.400e-02	0.63	8.6e-06
2_227157209_A_G	1.400e-02	0.63	8.612e-06
2_227137125_T_C	1.500e-02	0.63	8.661e-06
12_102946109_A_T	2.100e-02	0.86	8.669e-06
6_34877314_A_G	-1.600e-02	0.28	8.698e-06
10_114754088_T_C	-1.600e-02	0.32	8.761e-06
12_102945701_G_T	2.000e-02	0.86	8.804e-06
2_227156730_C_T	1.400e-02	0.62	8.872e-06
2_227164504_C_G	1.400e-02	0.63	8.961e-06
2_227171603_T_C	1.400e-02	0.63	9.115e-06
9_15482976_C_T	2.400e-02	0.11	9.119e-06
9_15479950_A_G	2.400e-02	0.10	9.256e-06
9_15498495_C_T	2.500e-02	0.11	9.397e-06
2_227179630_C_G	1.400e-02	0.62	9.457e-06
2_227180619_G_T	1.400e-02	0.62	9.471e-06
12_102881696_T_G	2.200e-02	0.89	9.554e-06
1_219705205_C_T	-1.500e-02	0.30	9.556e-06
1_219704537_C_T	-1.500e-02	0.30	9.714e-06
6_34937472_G_C	-1.600e-02	0.27	9.796e-06
6_34949451_C_T	1.600e-02	0.72	9.966e-06
4_106048563_G_A	-2.000e-02	0.14	9.994e-06
6_34927280_A_G	-1.600e-02	0.28	1.006e-05
16_7505082_G_A	-1.400e-02	0.49	1.019e-05
4_170015977_C_T	1.900e-02	0.16	1.039e-05
8_9172718_A_G	1.700e-02	0.23	1.045e-05
9_15393381_A_G	-2.200e-02	0.87	1.066e-05
9_15427808_A_T	3.500e-02	0.04	1.074e-05
8_9171595_G_C	1.700e-02	0.23	1.088e-05
1_219655031_A_T	1.500e-02	0.70	1.099e-05
6_91756461_G_A	-4.000e-02	0.04	1.146e-05
16_7508784_C_G	-1.400e-02	0.52	1.151e-05
2_227159177_G_A	1.400e-02	0.61	1.157e-05
16_53800954_T_C	1.400e-02	0.44	1.162e-05
16_53803574_T_A	1.400e-02	0.44	1.163e-05
1_219652033_A_C	1.500e-02	0.70	1.164e-05
2_227181683_G_T	1.500e-02	0.61	1.166e-05
6_91736160_C_T	-4.300e-02	0.03	1.182e-05
1_219652009_A_G	1.500e-02	0.70	1.191e-05
1_219654392_C_T	1.500e-02	0.70	1.196e-05
9_15500150_C_G	2.400e-02	0.11	1.197e-05
1_219653354_C_G	1.500e-02	0.70	1.2e-05
6_34893910_G_C	-1.600e-02	0.28	1.202e-05
1_219653101_T_C	1.500e-02	0.70	1.206e-05
1_219647939_A_T	1.400e-02	0.54	1.212e-05
4_106048291_T_C	-1.800e-02	0.19	1.219e-05
6_91756588_C_G	-4.000e-02	0.04	1.225e-05
8_9192423_A_G	-2.100e-02	0.90	1.232e-05
18_26646798_T_C	1.600e-02	0.65	1.267e-05
8_9199305_T_C	2.100e-02	0.10	1.289e-05
4_157694651_C_T	-2.900e-02	0.16	1.29e-05
1_219652795_A_T	1.500e-02	0.69	1.299e-05
1_219646807_G_C	1.400e-02	0.54	1.322e-05
1_219676042_A_G	1.400e-02	0.64	1.351e-05
1_219643649_A_G	1.500e-02	0.68	1.362e-05
4_106071597_T_A	-1.900e-02	0.13	1.402e-05
2_27755825_G_A	-1.500e-02	0.27	1.407e-05
1_219713730_T_A	1.400e-02	0.69	1.41e-05
6_35003603_G_T	1.400e-02	0.46	1.434e-05
8_9200251_C_T	2.100e-02	0.09	1.44e-05
1_219710186_G_A	1.400e-02	0.69	1.45e-05
1_219644496_T_A	1.400e-02	0.69	1.46e-05
2_16607101_C_T	1.500e-02	0.69	1.5e-05
2_27748624_A_G	1.400e-02	0.55	1.524e-05
2_227199263_G_T	1.400e-02	0.47	1.528e-05
1_219675209_G_T	1.400e-02	0.64	1.541e-05
1_219714999_G_A	-1.400e-02	0.31	1.547e-05
4_106084643_G_A	-1.900e-02	0.13	1.55e-05
1_219641450_T_A	1.400e-02	0.68	1.588e-05
1_219640680_A_C	1.400e-02	0.68	1.608e-05
16_7491990_G_C	1.400e-02	0.55	1.608e-05
1_219717774_A_C	-1.400e-02	0.31	1.621e-05
9_15416659_T_G	2.800e-02	0.07	1.622e-05
16_79755080_C_A	1.400e-02	0.63	1.626e-05
7_105094283_T_C	-4.900e-02	0.98	1.629e-05
3_47914974_C_T	2.300e-02	0.08	1.639e-05
9_15476524_G_A	3.300e-02	0.04	1.647e-05
1_219640389_T_A	1.400e-02	0.68	1.674e-05
22_20842362_T_C	-1.800e-02	0.82	1.684e-05
5_110668549_A_C	-1.300e-02	0.40	1.686e-05
16_53813450_A_T	1.400e-02	0.42	1.712e-05
5_110670149_A_C	-1.300e-02	0.40	1.719e-05
4_170005509_G_C	1.900e-02	0.16	1.726e-05
16_53813367_T_G	1.400e-02	0.42	1.745e-05
5_110670240_C_G	-1.300e-02	0.40	1.746e-05
16_53819893_A_G	1.400e-02	0.42	1.759e-05
10_77706692_A_G	-1.400e-02	0.42	1.761e-05
16_53810686_T_C	1.400e-02	0.42	1.771e-05
16_53819877_C_T	1.400e-02	0.42	1.78e-05
16_53819169_T_C	1.400e-02	0.42	1.795e-05
4_157692331_G_A	-1.500e-02	0.34	1.802e-05
16_53845487_C_A	1.500e-02	0.42	1.805e-05
5_110671429_A_G	-1.300e-02	0.40	1.806e-05
2_27731212_T_C	1.800e-02	0.21	1.815e-05
8_9185081_T_C	-1.600e-02	0.79	1.819e-05
16_53816752_A_G	1.400e-02	0.42	1.824e-05
16_53820527_T_A	1.400e-02	0.42	1.842e-05
10_77723566_T_C	-1.400e-02	0.44	1.845e-05
16_53816838_G_A	1.400e-02	0.42	1.846e-05
2_165543199_A_G	-1.700e-02	0.24	1.869e-05
5_110672896_T_C	-1.400e-02	0.40	1.88e-05
2_27766284_G_A	-1.500e-02	0.27	1.92e-05
2_165509579_G_A	-1.700e-02	0.23	1.926e-05
4_157706904_C_T	-1.400e-02	0.34	1.932e-05
18_20011523_G_A	-1.800e-02	0.23	1.933e-05
4_157715951_A_G	-1.400e-02	0.35	1.95e-05
3_19568009_G_A	1.400e-02	0.70	1.957e-05
7_105094933_G_A	-5.000e-02	0.98	1.959e-05
10_77727933_T_C	-1.400e-02	0.44	1.964e-05
7_15897481_T_C	-1.400e-02	0.46	1.974e-05
3_19486246_T_C	1.500e-02	0.70	1.991e-05
4_157683685_C_T	-1.400e-02	0.35	2.05e-05
1_219656094_G_T	1.400e-02	0.70	2.058e-05
2_27783801_T_C	-1.500e-02	0.27	2.073e-05
5_125827353_G_A	-1.400e-01	0.01	2.077e-05
10_77690184_A_G	-1.400e-02	0.43	2.102e-05
2_27786188_A_T	-1.500e-02	0.27	2.121e-05
4_157720124_C_T	-1.400e-02	0.35	2.157e-05
2_27801493_T_C	-1.500e-02	0.27	2.173e-05
1_219657124_T_G	1.400e-02	0.70	2.175e-05
7_57401925_T_C	1.500e-02	0.71	2.195e-05
13_75871453_C_T	7.900e-02	0.01	2.2e-05
2_144919040_C_G	-5.400e-02	0.03	2.209e-05
6_142568305_C_T	2.800e-02	0.93	2.242e-05
12_57083022_G_C	2.600e-02	0.08	2.274e-05
2_27791555_C_G	-1.500e-02	0.27	2.28e-05
5_110672732_A_G	-1.300e-02	0.40	2.302e-05
2_227098387_A_G	1.300e-02	0.47	2.341e-05
4_157720253_T_C	-1.400e-02	0.35	2.371e-05
16_7523793_A_G	-1.400e-02	0.52	2.39e-05
8_9184628_A_G	-1.600e-02	0.80	2.397e-05
6_142573662_C_T	2.800e-02	0.93	2.405e-05
6_34975415_T_C	1.800e-02	0.79	2.412e-05
4_157670537_T_C	-1.400e-02	0.35	2.415e-05
2_227088577_A_C	1.300e-02	0.47	2.433e-05
18_77335051_C_T	-3.700e-02	0.06	2.442e-05
13_80659377_G_A	-1.900e-02	0.15	2.445e-05
9_15475447_G_C	3.300e-02	0.04	2.457e-05
5_110655795_A_G	-1.300e-02	0.40	2.468e-05
10_48412337_A_C	-2.800e-02	0.94	2.477e-05
6_142590090_T_C	2.800e-02	0.93	2.481e-05
2_227020653_A_G	-1.400e-02	0.35	2.51e-05
4_106042241_A_T	-2.300e-02	0.15	2.512e-05
1_219686440_C_T	1.300e-02	0.61	2.517e-05
4_157722036_C_T	-1.400e-02	0.35	2.528e-05
20_30505343_A_G	1.400e-02	0.59	2.568e-05
2_27801759_A_G	-1.500e-02	0.27	2.602e-05
5_110660347_A_T	-1.300e-02	0.40	2.64e-05
2_16613889_C_T	1.500e-02	0.73	2.644e-05
3_81690409_T_A	1.300e-02	0.54	2.649e-05
16_53822651_A_G	1.300e-02	0.42	2.652e-05
10_77690129_A_G	-1.400e-02	0.43	2.66e-05
10_70346740_T_C	-1.300e-02	0.57	2.669e-05
4_157655677_A_G	-1.400e-02	0.35	2.706e-05
13_59208400_C_A	-2.400e-01	0.01	2.707e-05
3_81683260_G_A	1.300e-02	0.54	2.713e-05
10_77739718_T_A	-1.300e-02	0.42	2.844e-05
13_80623346_A_C	-1.600e-02	0.22	2.857e-05
16_53816275_C_A	1.300e-02	0.42	2.873e-05
8_9177910_T_C	-1.500e-02	0.78	2.873e-05
2_27832055_A_G	-1.500e-02	0.27	2.884e-05
2_27825715_T_C	-1.500e-02	0.27	2.892e-05
16_53828066_C_T	1.300e-02	0.42	2.902e-05
2_27840640_G_C	-1.500e-02	0.27	2.908e-05
7_25097933_A_T	-1.300e-02	0.48	2.909e-05
16_53842908_G_A	1.300e-02	0.43	2.927e-05
3_81771587_G_A	1.300e-02	0.53	2.937e-05
2_27815510_A_C	-1.400e-02	0.27	2.939e-05
2_27812252_G_A	-1.400e-02	0.27	2.943e-05
10_128244826_T_C	-2.300e-02	0.91	2.944e-05
2_27811722_A_G	-1.400e-02	0.28	2.949e-05
8_33566756_A_G	-1.300e-02	0.42	2.955e-05
1_219708773_C_A	-1.400e-02	0.31	2.96e-05
2_136407479_A_G	-1.400e-02	0.45	2.97e-05
9_15386854_C_T	1.800e-02	0.61	2.97e-05
8_9187595_A_G	-1.600e-02	0.80	2.974e-05
4_157674780_C_T	-1.400e-02	0.35	2.979e-05
5_110655407_C_A	-1.300e-02	0.40	3.01e-05
2_227198983_G_A	1.300e-02	0.54	3.013e-05
2_144938116_T_A	-5.500e-02	0.03	3.014e-05
7_15893576_C_T	-1.600e-02	0.73	3.021e-05
3_81836548_A_G	-1.300e-02	0.48	3.031e-05
2_227066471_T_C	1.400e-02	0.67	3.059e-05
8_9177525_C_T	-1.600e-02	0.78	3.073e-05
8_116299188_C_A	-7.900e-02	0.01	3.077e-05
1_219678736_A_C	1.300e-02	0.61	3.095e-05
3_81793085_C_T	1.300e-02	0.53	3.102e-05
3_81781813_T_C	1.300e-02	0.53	3.108e-05
3_81785355_G_C	1.300e-02	0.53	3.118e-05
9_15472139_C_T	2.300e-02	0.11	3.123e-05
1_219679967_G_C	1.300e-02	0.61	3.124e-05
1_219722104_G_A	-1.400e-02	0.31	3.125e-05
3_81790290_C_A	1.300e-02	0.53	3.128e-05
13_55838602_G_A	1.400e-02	0.29	3.165e-05
2_227195517_T_C	1.300e-02	0.54	3.17e-05
13_55842292_G_C	1.400e-02	0.29	3.174e-05
3_19547184_C_T	1.400e-02	0.69	3.185e-05
1_219677532_C_T	1.300e-02	0.62	3.196e-05
2_165528624_G_T	-1.300e-02	0.41	3.216e-05
8_9221207_G_A	2.000e-02	0.10	3.226e-05
22_20891545_A_G	-1.600e-02	0.80	3.227e-05
5_101135059_T_C	1.800e-02	0.17	3.231e-05
12_99600749_T_C	-1.600e-02	0.78	3.235e-05
2_144932525_G_C	-5.400e-02	0.03	3.237e-05
4_170013910_T_C	1.800e-02	0.16	3.24e-05
3_48628014_G_A	2.000e-02	0.12	3.286e-05
2_165513091_T_C	-1.300e-02	0.42	3.291e-05
12_102827441_G_C	1.400e-02	0.73	3.303e-05
2_165528876_C_T	-1.300e-02	0.41	3.304e-05
6_5136097_T_C	2.300e-01	0.01	3.309e-05
16_7523475_T_G	-1.400e-02	0.49	3.345e-05
2_165508389_C_T	-1.300e-02	0.42	3.362e-05
2_165540800_T_C	-2.000e-02	0.15	3.364e-05
3_81817284_C_G	1.300e-02	0.53	3.369e-05
7_57391157_A_G	1.500e-02	0.71	3.369e-05
4_157680199_C_T	-1.400e-02	0.35	3.373e-05
16_7519890_G_A	-1.300e-02	0.53	3.383e-05
4_157676687_G_A	-1.400e-02	0.35	3.402e-05
6_5144124_G_A	2.300e-01	0.0040	3.423e-05
20_30492352_A_G	1.300e-02	0.60	3.441e-05
3_81854520_C_A	-1.300e-02	0.47	3.457e-05
3_81856401_A_T	-1.300e-02	0.47	3.517e-05
12_57167510_A_G	2.300e-02	0.09	3.521e-05
6_127419834_A_C	1.400e-02	0.27	3.533e-05
4_157724646_T_C	-1.400e-02	0.35	3.539e-05
16_7523643_G_A	-1.400e-02	0.50	3.551e-05
8_26129295_G_A	1.300e-02	0.40	3.561e-05
12_99625247_C_T	-1.500e-02	0.75	3.591e-05
7_26223294_A_G	-2.300e-02	0.12	3.638e-05
6_127468188_G_A	1.500e-02	0.50	3.653e-05
5_96151760_G_T	1.300e-02	0.50	3.682e-05
13_55864807_C_T	1.400e-02	0.29	3.694e-05
5_116768772_T_G	-1.300e-02	0.38	3.7e-05
5_110739676_C_A	-1.300e-02	0.44	3.7e-05
3_81859144_T_C	-1.300e-02	0.47	3.723e-05
7_26227777_A_C	-2.200e-02	0.12	3.726e-05
3_81805517_A_G	1.300e-02	0.53	3.732e-05
13_55872565_A_T	1.400e-02	0.29	3.735e-05
2_227190317_T_C	1.300e-02	0.54	3.758e-05
4_157689678_C_T	-1.400e-02	0.34	3.813e-05
13_55883682_A_C	1.400e-02	0.29	3.815e-05
3_81818526_T_G	1.300e-02	0.53	3.846e-05
9_6859189_C_A	1.900e-02	0.27	3.861e-05
5_110737059_T_G	-1.300e-02	0.44	3.861e-05
5_110692712_C_A	-1.300e-02	0.42	3.87e-05
13_55885038_T_C	1.400e-02	0.29	3.875e-05
20_51239611_G_T	1.400e-02	0.67	3.888e-05
2_112743033_T_C	1.400e-02	0.28	3.907e-05
12_99640557_T_C	-1.300e-02	0.61	3.908e-05
13_55897832_A_G	1.400e-02	0.29	3.912e-05
13_55901283_A_T	1.400e-02	0.29	3.913e-05
13_55903027_C_T	1.400e-02	0.29	3.914e-05
10_77795995_C_T	-1.300e-02	0.49	3.928e-05
13_55898826_G_A	1.400e-02	0.29	3.933e-05
13_55898492_T_C	1.400e-02	0.29	3.936e-05
13_55868550_C_G	1.400e-02	0.29	3.945e-05
1_219628111_A_C	1.300e-02	0.62	3.959e-05
1_219628406_G_A	1.300e-02	0.61	3.97e-05
1_219627486_A_G	1.300e-02	0.63	3.973e-05
1_219628130_G_T	1.300e-02	0.62	3.98e-05
1_219628141_A_G	1.300e-02	0.62	3.986e-05
4_157651817_G_T	-1.400e-02	0.35	3.987e-05
1_219628508_A_G	1.300e-02	0.62	3.997e-05
1_219628818_C_G	1.300e-02	0.62	4.007e-05
3_19569267_G_A	1.400e-02	0.67	4.01e-05
1_219631921_C_A	1.300e-02	0.62	4.011e-05
17_12146111_T_G	-2.500e-02	0.11	4.013e-05
1_219624387_C_T	1.300e-02	0.62	4.015e-05
13_80649246_G_T	-1.800e-02	0.14	4.026e-05
8_38752322_A_T	2.000e-02	0.10	4.033e-05
8_38741525_T_A	2.000e-02	0.10	4.041e-05
4_157650304_T_C	-1.400e-02	0.35	4.07e-05
8_9220139_G_A	2.000e-02	0.10	4.073e-05
1_219641900_G_A	1.400e-02	0.68	4.085e-05
5_110734907_T_C	-1.300e-02	0.44	4.088e-05
8_9201787_C_T	2.000e-02	0.09	4.097e-05
5_110731915_G_A	-1.300e-02	0.44	4.113e-05
3_82031499_G_A	-1.300e-02	0.49	4.124e-05
5_50495914_A_G	-1.800e-02	0.85	4.129e-05
13_55858515_T_C	1.400e-02	0.29	4.137e-05
3_19580707_A_G	1.400e-02	0.68	4.139e-05
6_127452116_C_T	1.300e-02	0.48	4.149e-05
1_219633168_A_G	1.300e-02	0.62	4.163e-05
1_219637671_A_T	1.300e-02	0.62	4.173e-05
16_53818460_G_T	1.300e-02	0.42	4.176e-05
5_110731892_T_C	-1.300e-02	0.44	4.191e-05
1_219637686_G_A	1.300e-02	0.62	4.195e-05
1_219634380_G_A	1.300e-02	0.62	4.206e-05
2_144936168_T_C	-5.300e-02	0.03	4.215e-05
1_219626928_T_A	1.300e-02	0.62	4.223e-05
1_219627151_A_G	1.300e-02	0.58	4.24e-05
7_27144921_C_T	-2.100e-02	0.15	4.248e-05
1_219627355_T_C	1.300e-02	0.62	4.254e-05
13_55883759_G_T	1.400e-02	0.29	4.257e-05
2_144931620_C_T	-5.300e-02	0.03	4.273e-05
13_55859277_A_G	1.400e-02	0.29	4.304e-05
13_55859647_T_A	1.400e-02	0.28	4.311e-05
5_110681130_A_G	-1.300e-02	0.42	4.314e-05
3_19584686_A_G	1.400e-02	0.68	4.326e-05
1_219669226_T_C	1.300e-02	0.64	4.328e-05
16_7522361_T_G	1.300e-02	0.44	4.346e-05
3_82097314_A_G	-1.300e-02	0.49	4.369e-05
10_114801525_G_A	-1.300e-02	0.47	4.372e-05
5_110741755_G_A	-1.300e-02	0.44	4.39e-05
7_27145350_A_G	-2.000e-02	0.12	4.392e-05
5_110679873_G_A	-1.300e-02	0.42	4.449e-05
4_106081636_T_C	1.300e-02	0.39	4.461e-05
10_128249738_C_T	-2.200e-02	0.91	4.466e-05
13_30622662_T_C	2.100e-02	0.14	4.485e-05
5_110695758_A_G	-1.300e-02	0.37	4.504e-05
13_55826907_A_T	1.400e-02	0.29	4.517e-05
7_27145517_T_C	-2.000e-02	0.12	4.525e-05
19_5041049_C_T	-1.600e-02	0.21	4.527e-05
2_136445869_G_A	-1.400e-02	0.39	4.531e-05
16_53819198_G_C	1.300e-02	0.42	4.534e-05
3_13613064_A_G	-1.900e+00	0.01	4.535e-05
1_231055424_T_C	-3.100e-02	0.51	4.545e-05
3_13613015_A_C	-1.900e+00	0.01	4.546e-05
10_70338445_C_T	-1.300e-02	0.56	4.56e-05
1_219636284_T_C	1.300e-02	0.57	4.575e-05
2_144919272_A_T	-5.300e-02	0.03	4.588e-05
4_157739565_C_T	-1.400e-02	0.36	4.599e-05
6_142570593_C_A	2.700e-02	0.93	4.611e-05
17_70275787_C_T	1.300e-02	0.34	4.616e-05
6_142569961_C_A	2.700e-02	0.93	4.619e-05
12_57064399_C_T	2.500e-02	0.08	4.624e-05
16_7521278_A_G	1.300e-02	0.44	4.629e-05
1_219626025_T_C	1.300e-02	0.62	4.639e-05
16_7522337_G_A	-1.300e-02	0.51	4.646e-05
1_219625853_C_T	1.300e-02	0.62	4.649e-05
6_142571723_T_A	2.700e-02	0.93	4.65e-05
6_142568990_T_C	2.700e-02	0.93	4.676e-05
6_142568149_A_C	2.700e-02	0.93	4.688e-05
8_33549891_T_C	-1.300e-02	0.42	4.691e-05
13_112293085_C_T	5.600e-02	0.51	4.7e-05
9_15521282_T_C	2.200e-02	0.11	4.726e-05
6_142583729_A_G	2.600e-02	0.93	4.775e-05
13_91833423_T_C	1.700e-02	0.72	4.789e-05
5_116775153_C_T	-1.300e-02	0.38	4.8e-05
2_144931037_G_T	-5.300e-02	0.03	4.8e-05
17_12140466_G_C	-2.500e-02	0.11	4.818e-05
2_144907589_G_A	-5.300e-02	0.03	4.829e-05
1_219664400_A_G	1.300e-02	0.64	4.851e-05
2_144931548_C_G	-5.300e-02	0.03	4.853e-05
2_144907178_A_T	-5.300e-02	0.03	4.87e-05
7_15893530_T_C	-1.300e-02	0.47	4.878e-05
7_152708861_C_T	2.700e-02	0.13	4.881e-05
8_33549580_T_G	-1.300e-02	0.42	4.889e-05
8_70493974_G_A	-1.700e-02	0.79	4.892e-05
6_91733091_C_A	-4.100e-02	0.03	4.898e-05
13_55794226_A_C	1.400e-02	0.29	4.905e-05
12_102797196_A_G	1.400e-02	0.73	4.907e-05
12_125106100_G_C	1.700e-02	0.26	4.918e-05
7_27145717_G_A	-2.000e-02	0.12	4.923e-05
8_38734128_T_G	2.000e-02	0.10	4.924e-05
2_144923456_A_C	-5.200e-02	0.03	4.931e-05
8_38727972_C_A	2.000e-02	0.10	4.936e-05
1_219634787_G_A	1.300e-02	0.62	4.945e-05
6_142587270_G_C	2.600e-02	0.93	4.972e-05
14_25370630_C_T	-3.300e-02	0.64	4.981e-05
1_219664030_A_G	1.300e-02	0.64	5.012e-05
3_81812406_G_C	1.300e-02	0.53	5.034e-05
5_110668700_A_C	1.300e-02	0.51	5.035e-05
8_33578917_C_T	-1.300e-02	0.42	5.04e-05
8_33566320_A_C	-1.300e-02	0.42	5.045e-05
1_219659668_A_T	1.300e-02	0.64	5.074e-05
13_55798034_C_T	1.400e-02	0.29	5.08e-05
8_11486852_T_C	-1.800e-02	0.26	5.093e-05
6_142588820_C_T	2.600e-02	0.93	5.098e-05
8_38732963_T_G	2.100e-02	0.10	5.1e-05
2_144918226_T_C	-5.200e-02	0.03	5.136e-05
13_55794437_C_T	1.400e-02	0.29	5.141e-05
7_152708415_G_A	2.600e-02	0.14	5.157e-05
13_80642677_A_C	-1.700e-02	0.16	5.163e-05
16_7515902_A_G	1.300e-02	0.43	5.179e-05
2_136420690_A_G	-1.400e-02	0.39	5.197e-05
5_110726972_C_T	-1.300e-02	0.41	5.214e-05
2_136439517_A_C	-1.400e-02	0.39	5.224e-05
7_27145735_T_A	-2.000e-02	0.12	5.227e-05
2_144919995_A_G	-5.100e-02	0.03	5.248e-05
5_169649581_A_C	1.700e-02	0.14	5.248e-05
6_142590441_C_A	2.600e-02	0.93	5.248e-05
13_55730736_G_C	1.400e-02	0.30	5.249e-05
17_70274865_G_A	1.300e-02	0.34	5.259e-05
18_53636776_G_A	-1.500e-02	0.21	5.263e-05
13_55771651_A_G	1.400e-02	0.30	5.299e-05
3_81873004_A_G	-1.300e-02	0.47	5.308e-05
13_55683462_A_C	1.400e-02	0.30	5.324e-05
8_33548107_C_T	-1.300e-02	0.42	5.328e-05
8_33573626_G_A	-1.300e-02	0.42	5.335e-05
1_219665008_C_T	1.300e-02	0.64	5.355e-05
10_114796048_A_G	-1.300e-02	0.46	5.358e-05
12_99607001_C_T	-1.500e-02	0.75	5.393e-05
16_7517667_A_C	1.300e-02	0.37	5.398e-05
16_7512849_C_G	-1.300e-02	0.51	5.403e-05
9_15501753_C_T	2.200e-02	0.11	5.405e-05
19_33899065_G_A	-1.400e-02	0.66	5.405e-05
5_116774385_A_G	-1.300e-02	0.38	5.42e-05
13_55683634_G_A	1.400e-02	0.30	5.429e-05
10_70348118_G_C	-1.300e-02	0.63	5.436e-05
5_110678050_G_A	-1.300e-02	0.37	5.442e-05
8_9211723_G_A	1.900e-02	0.10	5.451e-05
6_127425457_A_G	1.400e-02	0.27	5.455e-05
13_55684389_T_C	1.400e-02	0.30	5.468e-05
2_136488978_A_G	-1.500e-02	0.35	5.483e-05
10_114793823_T_A	-1.300e-02	0.47	5.489e-05
10_77819537_C_T	-1.300e-02	0.45	5.49e-05
1_219655369_T_G	1.400e-02	0.70	5.49e-05
1_231082454_T_C	-3.000e-02	0.51	5.502e-05
1_219650561_C_T	1.300e-02	0.52	5.511e-05
10_60754780_G_A	-1.600e-02	0.26	5.519e-05
12_102810269_T_C	1.400e-02	0.73	5.52e-05
4_157724968_A_G	-1.400e-02	0.35	5.524e-05
13_55806753_A_G	1.400e-02	0.29	5.532e-05
3_12145349_A_G	-4.100e-02	0.06	5.566e-05
13_55726850_C_G	1.400e-02	0.30	5.569e-05
19_41392885_C_T	-2.900e-02	0.06	5.577e-05
6_127452935_C_T	1.300e-02	0.48	5.579e-05
4_157757755_T_C	-1.400e-02	0.36	5.586e-05
16_51531732_G_T	-2.100e-02	0.10	5.592e-05
7_57401695_G_A	1.400e-02	0.70	5.598e-05
19_45461996_A_G	-4.200e-02	0.05	5.599e-05
12_99618592_A_C	-1.500e-02	0.76	5.616e-05
13_55749185_G_T	1.400e-02	0.30	5.62e-05
12_99601483_G_A	-1.500e-02	0.76	5.634e-05
12_99610796_G_A	-1.500e-02	0.75	5.654e-05
22_20817808_C_T	1.800e-02	0.14	5.679e-05
12_99600297_G_A	-1.500e-02	0.76	5.679e-05
2_16593423_T_C	1.400e-02	0.70	5.707e-05
5_110672287_A_G	-1.300e-02	0.37	5.719e-05
4_125973625_G_C	-3.200e-02	0.32	5.726e-05
5_116777116_C_T	-1.300e-02	0.38	5.737e-05
3_82138009_C_G	-1.300e-02	0.48	5.748e-05
13_55778003_G_A	1.400e-02	0.30	5.751e-05
7_57398702_A_G	1.400e-02	0.71	5.752e-05
6_33836691_A_G	-1.600e-02	0.78	5.776e-05
2_136398174_C_T	-1.400e-02	0.39	5.778e-05
8_33564861_A_C	-1.300e-02	0.42	5.78e-05
12_99600765_G_A	-1.500e-02	0.76	5.781e-05
6_142592519_C_T	2.600e-02	0.93	5.815e-05
2_136439090_C_T	-1.400e-02	0.39	5.837e-05
1_219663516_C_T	1.300e-02	0.64	5.865e-05
13_55697238_C_G	1.400e-02	0.30	5.889e-05
2_136409073_G_A	-1.400e-02	0.39	5.907e-05
1_68507123_A_T	-4.000e-02	0.04	5.911e-05
13_55699450_A_T	1.400e-02	0.30	5.921e-05
6_127448249_C_G	1.300e-02	0.48	5.932e-05
1_94577782_G_A	3.900e-02	0.27	5.948e-05
10_114807047_G_C	-1.300e-02	0.47	5.96e-05
12_99612149_G_T	-1.500e-02	0.75	5.964e-05
2_27853245_C_G	-1.400e-02	0.26	5.991e-05
16_50460474_T_A	-1.800e-02	0.16	5.993e-05
8_9178135_C_T	-1.500e-02	0.77	6.007e-05
3_81877471_G_T	-1.300e-02	0.47	6.01e-05
10_114801938_C_G	-1.300e-02	0.47	6.014e-05
1_219730586_G_C	-1.400e-02	0.29	6.028e-05
3_157832974_T_C	-1.500e-02	0.67	6.034e-05
2_136419961_A_G	-1.400e-02	0.39	6.042e-05
5_51660526_G_A	1.300e-02	0.64	6.048e-05
3_81923706_A_G	1.300e-02	0.53	6.056e-05
6_127421733_C_T	1.400e-02	0.28	6.064e-05
13_55694436_C_A	1.400e-02	0.30	6.075e-05
1_3025712_G_T	-2.400e-02	0.14	6.08e-05
10_114813047_C_T	-1.300e-02	0.47	6.087e-05
16_7517744_G_A	1.300e-02	0.43	6.091e-05
13_55703475_C_A	1.400e-02	0.30	6.091e-05
12_62285075_A_T	-1.800e-02	0.19	6.097e-05
3_81878146_T_C	-1.300e-02	0.47	6.1e-05
2_136410299_G_A	-1.400e-02	0.39	6.105e-05
13_55702646_A_C	1.400e-02	0.30	6.11e-05
11_91248628_T_C	9.600e-02	0.02	6.117e-05
2_188417655_A_G	-4.100e-02	0.06	6.123e-05
1_219660535_A_G	1.300e-02	0.64	6.126e-05
9_16744807_T_C	-1.300e-02	0.66	6.134e-05
8_145545949_T_C	-2.400e-02	0.38	6.139e-05
5_110708321_A_G	-1.300e-02	0.41	6.148e-05
10_77835042_T_G	-1.300e-02	0.48	6.16e-05
12_7984941_C_T	-1.400e-02	0.30	6.173e-05
3_12112010_G_A	-1.900e-02	0.86	6.182e-05
20_59503238_C_A	-5.000e-01	0.02	6.202e-05
5_51647391_A_G	1.300e-02	0.56	6.205e-05
5_110708682_A_G	-1.300e-02	0.41	6.215e-05
3_157837065_T_C	-1.500e-02	0.67	6.219e-05
8_26377213_T_C	1.300e-02	0.43	6.233e-05
3_81881256_A_C	-1.300e-02	0.47	6.235e-05
2_144926281_T_C	-5.300e-02	0.03	6.253e-05
5_116783630_G_T	-1.300e-02	0.38	6.259e-05
5_51647364_T_C	1.300e-02	0.55	6.266e-05
12_99600378_C_T	-1.500e-02	0.76	6.267e-05
5_51552111_T_C	-1.400e-02	0.48	6.273e-05
20_56099114_C_G	1.400e-02	0.41	6.273e-05
10_77853150_T_A	-1.300e-02	0.45	6.291e-05
8_9177643_C_G	-1.500e-02	0.77	6.298e-05
1_219734960_A_C	-1.300e-02	0.29	6.309e-05
1_219671205_C_T	1.300e-02	0.61	6.33e-05
7_27145100_G_A	-2.100e-02	0.12	6.338e-05
6_127422185_C_T	1.400e-02	0.27	6.376e-05
6_127455821_A_C	1.300e-02	0.49	6.378e-05
6_5962832_A_G	-1.400e-02	0.29	6.383e-05
10_77801600_A_G	-1.300e-02	0.49	6.387e-05
3_19519043_A_G	1.400e-02	0.68	6.392e-05
9_16755039_C_G	-1.400e-02	0.69	6.412e-05
1_219670998_A_T	1.300e-02	0.61	6.421e-05
3_19434689_G_C	1.400e-02	0.70	6.427e-05
17_12145885_C_T	-2.400e-02	0.11	6.446e-05
13_55812212_G_C	1.400e-02	0.29	6.456e-05
5_116733635_A_T	1.300e-02	0.61	6.506e-05
16_7521347_A_G	-1.300e-02	0.48	6.51e-05
3_48207997_C_A	2.400e-02	0.06	6.518e-05
13_55879791_A_C	1.400e-02	0.29	6.53e-05
3_81923541_G_A	1.300e-02	0.53	6.546e-05
12_99610585_T_C	-1.500e-02	0.76	6.548e-05
17_70287131_G_A	1.300e-02	0.39	6.567e-05
1_219673828_G_A	1.300e-02	0.61	6.588e-05
6_91730436_G_T	-4.100e-02	0.03	6.593e-05
5_55806751_A_G	1.400e-02	0.72	6.66e-05
3_81879542_T_C	-1.200e-02	0.50	6.672e-05
7_26232367_T_C	-2.200e-02	0.12	6.725e-05
13_55889384_G_A	1.400e-02	0.29	6.736e-05
17_70282690_A_T	1.300e-02	0.39	6.745e-05
2_136445526_C_T	-1.400e-02	0.39	6.751e-05
5_51659492_A_T	1.300e-02	0.64	6.761e-05
5_51659475_G_A	1.300e-02	0.64	6.769e-05
22_20824470_T_A	-1.700e-02	0.75	6.783e-05
13_55790731_A_G	1.400e-02	0.29	6.797e-05
16_7522117_A_G	-1.300e-02	0.51	6.799e-05
12_99599547_G_A	-1.500e-02	0.76	6.815e-05
7_15893300_C_A	-1.500e-02	0.73	6.819e-05
10_77852375_T_G	-1.300e-02	0.42	6.825e-05
1_219639651_G_A	1.300e-02	0.52	6.884e-05
5_110718072_C_T	-1.300e-02	0.40	6.884e-05
10_77771345_T_C	-1.300e-02	0.46	6.906e-05
3_19467040_A_G	1.300e-02	0.69	6.936e-05
2_135755629_A_G	-1.400e-02	0.54	7.029e-05
13_55764633_A_G	1.400e-02	0.30	7.029e-05
2_136462441_C_T	1.400e-02	0.61	7.041e-05
10_77850698_C_A	-1.300e-02	0.42	7.044e-05
16_77424853_A_G	-1.500e-02	0.26	7.06e-05
4_157642163_G_A	-1.300e-02	0.36	7.073e-05
12_99599226_A_C	-1.500e-02	0.76	7.096e-05
2_136430866_T_A	-1.400e-02	0.39	7.1e-05
6_127436313_A_G	1.300e-02	0.47	7.148e-05
8_9177129_G_C	1.400e-02	0.23	7.177e-05
8_9178921_G_A	-1.500e-02	0.78	7.185e-05
2_171845342_C_G	3.400e-02	0.04	7.19e-05
13_55754497_A_T	1.400e-02	0.30	7.196e-05
13_55898321_A_G	1.400e-02	0.29	7.206e-05
8_9171735_T_C	2.400e-02	0.08	7.214e-05
2_136432103_G_A	-1.400e-02	0.39	7.218e-05
6_127436064_C_T	1.300e-02	0.47	7.238e-05
18_52250439_C_T	3.300e-02	0.03	7.282e-05
13_55730836_A_G	1.400e-02	0.30	7.289e-05
2_144882960_T_C	-5.100e-02	0.03	7.315e-05
3_81728517_C_T	1.200e-02	0.53	7.333e-05
2_234757450_T_C	-1.700e-02	0.17	7.34e-05
12_99586375_C_T	-1.500e-02	0.75	7.341e-05
1_219726100_G_T	-1.300e-02	0.29	7.357e-05
3_81888266_A_T	-1.200e-02	0.47	7.366e-05
6_100257019_A_G	-6.800e-02	0.02	7.386e-05
1_219631981_C_T	1.300e-02	0.62	7.411e-05
13_101672045_A_G	-2.500e-02	0.87	7.423e-05
13_80654554_G_A	-1.800e-02	0.14	7.428e-05
5_110707894_T_A	-1.300e-02	0.41	7.433e-05
6_127428080_T_C	1.400e-02	0.27	7.436e-05
2_234756811_G_T	-1.800e-02	0.16	7.439e-05
16_7520254_C_G	-1.300e-02	0.48	7.44e-05
2_234753407_T_C	-1.700e-02	0.17	7.444e-05
10_77767412_T_C	-1.300e-02	0.46	7.445e-05
10_77818699_G_A	-1.300e-02	0.45	7.462e-05
2_234757847_T_C	-1.700e-02	0.17	7.465e-05
1_219727779_T_C	-1.300e-02	0.29	7.469e-05
5_50430571_T_C	-1.900e-02	0.84	7.475e-05
13_80717156_G_A	1.400e-02	0.27	7.486e-05
4_157734675_A_G	-1.300e-02	0.35	7.487e-05
9_16720198_C_G	-1.300e-02	0.65	7.505e-05
1_219636541_G_T	1.300e-02	0.52	7.518e-05
3_81940348_T_C	1.300e-02	0.53	7.523e-05
6_34764922_T_C	-1.600e-02	0.22	7.542e-05
5_51660682_C_T	1.300e-02	0.64	7.55e-05
16_53800629_C_G	1.300e-02	0.45	7.553e-05
5_110703278_A_G	-1.300e-02	0.41	7.558e-05
19_7972615_A_G	-1.400e-02	0.54	7.589e-05
9_16720122_A_G	-1.300e-02	0.65	7.592e-05
6_127429240_G_A	1.400e-02	0.27	7.604e-05
16_7518743_G_A	1.300e-02	0.43	7.606e-05
4_106192457_C_A	-1.500e-02	0.21	7.61e-05
2_234758013_G_C	-1.700e-02	0.17	7.624e-05
8_33576272_G_A	-1.300e-02	0.42	7.631e-05
1_219730006_A_T	-1.300e-02	0.29	7.639e-05
3_19555271_C_T	1.400e-02	0.71	7.644e-05
2_234758500_G_A	-1.700e-02	0.17	7.671e-05
12_7985460_T_C	-1.400e-02	0.30	7.674e-05
6_127429727_G_A	1.400e-02	0.27	7.678e-05
10_114762237_G_A	-1.300e-02	0.47	7.683e-05
12_57058609_C_T	2.400e-02	0.08	7.697e-05
3_81921467_T_C	1.200e-02	0.53	7.709e-05
16_75654031_A_T	2.000e-02	0.11	7.732e-05
8_26405024_G_A	1.300e-02	0.44	7.74e-05
4_157629701_C_A	-1.300e-02	0.36	7.801e-05
1_219626948_A_C	1.300e-02	0.52	7.81e-05
9_15528290_G_A	2.100e-02	0.11	7.819e-05
9_16718436_A_G	-1.300e-02	0.65	7.822e-05
10_114768609_A_G	-1.300e-02	0.47	7.833e-05
19_45508272_A_C	-5.400e-02	0.04	7.842e-05
18_52225614_C_T	3.300e-02	0.03	7.859e-05
16_7520779_C_T	1.300e-02	0.42	7.864e-05
1_219649771_T_G	1.300e-02	0.71	7.865e-05
10_78286282_T_C	3.100e-02	0.04	7.919e-05
9_6962280_C_T	-1.300e-02	0.68	7.942e-05
13_80709063_G_C	1.400e-02	0.27	7.97e-05
10_114768783_G_A	-1.200e-02	0.47	7.97e-05
2_16605110_G_A	1.500e-02	0.74	7.999e-05
13_55692494_C_T	1.400e-02	0.30	8.007e-05
9_15525054_C_A	2.100e-02	0.11	8.008e-05
13_80710954_A_T	1.400e-02	0.27	8.019e-05
16_7519393_C_G	1.300e-02	0.43	8.026e-05
10_70332066_C_T	-1.300e-02	0.56	8.058e-05
13_39151139_C_T	-2.000e-02	0.13	8.067e-05
10_77856524_T_G	-1.300e-02	0.48	8.079e-05
6_127432657_A_G	1.400e-02	0.27	8.081e-05
13_80708940_A_G	1.400e-02	0.27	8.084e-05
10_114812071_T_C	-1.200e-02	0.47	8.095e-05
16_77425920_C_G	-1.500e-02	0.26	8.156e-05
13_80708732_C_T	1.400e-02	0.27	8.172e-05
8_26392967_C_T	1.300e-02	0.44	8.181e-05
2_234758614_A_G	-1.700e-02	0.17	8.195e-05
5_110675877_A_C	1.300e-02	0.46	8.197e-05
8_33570695_T_A	-1.200e-02	0.47	8.199e-05
6_127434138_C_T	1.400e-02	0.27	8.207e-05
18_53635544_G_A	-1.500e-02	0.21	8.214e-05
8_9206678_G_A	-1.800e-02	0.88	8.221e-05
2_234758767_C_T	-1.700e-02	0.17	8.264e-05
18_20015427_G_A	-1.500e-02	0.28	8.287e-05
10_114810240_T_C	-1.200e-02	0.47	8.293e-05
9_119038034_T_G	-1.300e-02	0.38	8.3e-05
5_110686465_G_C	1.300e-02	0.46	8.305e-05
8_26396979_T_C	1.200e-02	0.44	8.316e-05
12_99639930_G_C	-1.300e-02	0.57	8.377e-05
10_77855899_C_A	-1.300e-02	0.48	8.38e-05
22_20811231_A_G	-1.800e-02	0.86	8.387e-05
12_99624799_G_A	-1.500e-02	0.75	8.417e-05
13_30621969_C_G	2.000e-02	0.14	8.432e-05
3_81967436_G_A	1.200e-02	0.54	8.44e-05
5_110745139_G_A	-1.300e-02	0.41	8.458e-05
12_99625864_A_G	-1.500e-02	0.75	8.474e-05
8_33542927_G_C	-1.300e-02	0.47	8.476e-05
4_19663167_C_A	2.100e-02	0.87	8.498e-05
15_98198885_A_G	-1.700e-02	0.17	8.499e-05
5_110736520_G_A	-1.300e-02	0.36	8.501e-05
4_157643582_T_C	-1.300e-02	0.36	8.507e-05
13_80715893_G_A	1.400e-02	0.26	8.51e-05
8_26396082_C_T	1.200e-02	0.44	8.523e-05
4_106087217_T_C	1.300e-02	0.39	8.537e-05
2_165631194_C_T	-1.600e-02	0.22	8.553e-05
2_16590965_T_C	1.300e-02	0.70	8.593e-05
1_219654722_G_A	1.200e-02	0.52	8.593e-05
5_45277112_A_G	1.600e-02	0.21	8.638e-05
15_88416534_C_T	-3.100e-02	0.70	8.641e-05
3_81992049_C_T	1.200e-02	0.54	8.662e-05
4_157644796_C_T	-1.300e-02	0.36	8.663e-05
3_13066535_T_C	2.600e-02	0.91	8.67e-05
6_80192120_T_C	1.300e-02	0.32	8.698e-05
10_77793924_G_A	-1.300e-02	0.41	8.731e-05
13_55909630_G_A	1.300e-02	0.29	8.731e-05
12_125090853_T_C	1.500e-02	0.52	8.736e-05
16_79745313_G_A	1.300e-02	0.62	8.743e-05
7_77785591_G_A	-1.400e-02	0.28	8.744e-05
12_125094893_G_C	1.500e-02	0.49	8.787e-05
9_16715657_C_T	-1.300e-02	0.65	8.789e-05
1_219651779_T_C	1.300e-02	0.72	8.806e-05
3_81968285_C_T	1.200e-02	0.54	8.824e-05
10_78292268_A_G	3.100e-02	0.04	8.832e-05
4_106083776_C_T	1.300e-02	0.39	8.838e-05
3_19459577_T_C	1.300e-02	0.69	8.841e-05
3_19459675_A_G	1.300e-02	0.69	8.912e-05
2_45385312_A_T	-3.600e-02	0.80	8.917e-05
17_12127676_T_C	-2.200e-02	0.11	8.928e-05
13_55860012_T_C	1.500e-02	0.21	8.928e-05
9_78056969_G_A	-2.800e-02	0.10	8.939e-05
10_60754169_C_A	-1.500e-02	0.25	8.95e-05
19_41401924_C_T	-2.800e-02	0.06	8.982e-05
4_157636463_C_A	-1.300e-02	0.36	9.008e-05
17_70286459_T_C	1.200e-02	0.40	9.009e-05
13_61385620_A_G	2.100e-02	0.11	9.046e-05
2_165624586_T_C	-1.500e-02	0.22	9.089e-05
12_99532287_A_G	-1.600e-02	0.75	9.094e-05
15_98201006_T_C	-1.700e-02	0.17	9.097e-05
9_109637284_A_G	1.700e-02	0.19	9.108e-05
16_53805207_C_A	1.300e-02	0.45	9.12e-05
2_136499166_G_T	1.400e-02	0.62	9.138e-05
10_128251976_A_G	-2.300e-02	0.92	9.147e-05
8_38736846_C_T	2.100e-02	0.10	9.148e-05
4_157634726_C_T	-1.300e-02	0.36	9.16e-05
4_106088051_T_A	1.300e-02	0.39	9.169e-05
3_82216585_C_G	-1.300e-02	0.42	9.194e-05
4_178100729_G_T	-4.200e-02	0.89	9.215e-05
18_52223575_T_C	3.300e-02	0.03	9.226e-05
12_43703981_C_T	1.600e-02	0.18	9.242e-05
7_49624592_A_T	-1.900e-02	0.16	9.252e-05
2_144889825_C_A	-5.000e-02	0.03	9.257e-05
3_169344717_A_G	1.300e-02	0.65	9.267e-05
10_60752126_G_C	-1.500e-02	0.26	9.287e-05
1_219762581_C_A	-1.500e-02	0.26	9.292e-05
13_80705315_G_T	1.400e-02	0.27	9.297e-05
5_110733803_C_T	-1.300e-02	0.41	9.298e-05
3_19728432_T_A	1.300e-02	0.67	9.3e-05
3_81975266_T_A	1.200e-02	0.54	9.323e-05
3_82003569_T_C	1.200e-02	0.54	9.329e-05
4_157641990_T_G	-1.300e-02	0.36	9.335e-05
2_165623322_T_G	-1.500e-02	0.22	9.355e-05
3_81777680_T_C	1.200e-02	0.53	9.394e-05
6_127437617_C_T	1.200e-02	0.48	9.4e-05
8_9179494_C_G	-1.400e-02	0.77	9.418e-05
17_46227076_C_G	-1.900e-02	0.11	9.422e-05
3_174104641_T_C	-2.200e-02	0.21	9.439e-05
22_20854161_T_C	-1.800e-02	0.86	9.449e-05
19_7978430_T_C	-1.500e-02	0.62	9.462e-05
3_82014428_C_A	1.200e-02	0.55	9.466e-05
8_128400176_T_C	1.400e-02	0.56	9.471e-05
16_53800568_G_A	1.300e-02	0.45	9.473e-05
3_81971675_A_G	1.200e-02	0.54	9.498e-05
3_19436587_T_C	1.300e-02	0.70	9.504e-05
6_34904488_T_C	-1.500e-02	0.21	9.504e-05
3_82090015_T_A	-1.300e-02	0.46	9.525e-05
2_165507843_C_T	-1.300e-02	0.39	9.533e-05
6_33822532_A_G	-1.500e-02	0.75	9.537e-05
3_12125714_G_C	-1.900e-02	0.86	9.548e-05
9_87811640_C_T	2.100e-02	0.10	9.549e-05
10_78303851_A_G	3.100e-02	0.03	9.559e-05
3_82000680_G_A	1.200e-02	0.54	9.588e-05
7_6734103_C_T	1.400e-02	0.24	9.594e-05
5_159087887_G_A	1.700e-02	0.17	9.629e-05
3_81999927_A_T	1.200e-02	0.54	9.644e-05
19_41399799_C_T	-2.700e-02	0.06	9.654e-05
3_82000423_C_T	1.200e-02	0.54	9.662e-05
18_20015273_C_T	-1.500e-02	0.28	9.668e-05
3_12116620_G_A	-1.900e-02	0.86	9.671e-05
2_16600406_A_T	1.300e-02	0.70	9.674e-05
3_107597927_A_G	-2.000e-02	0.86	9.685e-05
5_110728029_C_G	-1.200e-02	0.41	9.731e-05
2_144931112_G_A	-5.100e-02	0.03	9.736e-05
3_81997877_C_T	1.200e-02	0.54	9.748e-05
2_165551201_T_C	-1.900e-02	0.15	9.779e-05
18_53674492_A_G	-1.400e-02	0.20	9.786e-05
5_110728081_G_A	-1.200e-02	0.41	9.788e-05
3_81996949_A_C	1.200e-02	0.54	9.802e-05
9_6866374_C_G	1.500e-02	0.30	9.82e-05
18_52256493_C_T	3.200e-02	0.03	9.823e-05
13_61384056_G_A	2.100e-02	0.12	9.831e-05
1_198317536_G_A	3.600e-02	0.02	9.859e-05
10_77767090_A_G	-1.300e-02	0.47	9.876e-05
3_94075026_C_A	-1.200e-02	0.43	9.891e-05
10_128246606_G_A	-2.100e-02	0.91	9.914e-05
10_114811316_T_C	-1.200e-02	0.47	9.929e-05
1_219657163_G_A	1.300e-02	0.52	9.933e-05
3_12126112_G_T	-1.900e-02	0.86	9.946e-05
12_99573426_C_T	-1.500e-02	0.76	9.957e-05
3_81978614_A_C	1.200e-02	0.54	9.959e-05
2_165501849_A_C	-1.300e-02	0.38	9.967e-05
21_43513200_G_A	-1.500e-02	0.20	9.982e-05
4_19724641_A_G	2.100e-02	0.87	9.985e-05
5_31677130_G_T	-1.300e-02	0.34	9.99e-05
17_55577241_C_G	-1.500e-02	0.71	9.998e-05
