12_102875569_A_G	2.900e-02	0.84	7.572e-08
12_102891182_C_T	2.700e-02	0.83	1.531e-07
12_102898446_G_A	2.700e-02	0.82	1.648e-07
12_102904683_A_G	2.700e-02	0.82	1.935e-07
12_102901442_C_T	2.700e-02	0.82	1.940e-07
12_102908297_A_G	2.600e-02	0.83	2.346e-07
12_102912558_G_A	2.700e-02	0.83	2.363e-07
12_102901778_C_A	2.600e-02	0.82	2.838e-07
12_102897764_C_T	2.600e-02	0.83	3.092e-07
12_102871259_C_T	2.800e-02	0.84	5.849e-07
12_102880473_C_T	2.600e-02	0.83	6.526e-07
2_27741237_T_C	2.000e-02	0.59	7.626e-07
12_102910810_A_G	2.600e-02	0.83	7.935e-07
12_102904406_C_A	2.800e-02	0.82	8.775e-07
12_102904181_T_C	2.800e-02	0.84	8.805e-07
12_102900935_C_A	2.700e-02	0.84	9.020e-07
2_27730940_T_C	2.000e-02	0.59	9.158e-07
1_109368122_A_T	-2.600e-02	0.20	9.458e-07
12_102906642_A_G	2.700e-02	0.84	1.059e-06
12_102902923_A_G	2.700e-02	0.84	1.059e-06
12_102904519_A_G	2.700e-02	0.84	1.065e-06
12_102897833_T_C	2.800e-02	0.85	1.065e-06
12_102906927_C_T	2.700e-02	0.84	1.106e-06
12_102904594_C_T	2.700e-02	0.84	1.132e-06
2_27742603_T_C	1.900e-02	0.59	1.310e-06
12_102900519_C_T	2.700e-02	0.84	1.317e-06
12_102929003_G_T	2.600e-02	0.82	1.326e-06
12_102899704_C_T	2.700e-02	0.84	1.332e-06
12_102955973_A_G	2.500e-02	0.83	1.350e-06
12_102898353_A_G	2.700e-02	0.84	1.439e-06
13_79723879_T_C	6.500e-02	0.04	1.606e-06
3_184198443_T_G	-2.000e-02	0.67	1.714e-06
12_102898532_G_A	2.700e-02	0.84	1.787e-06
3_184216307_G_T	-2.400e-02	0.35	2.500e-06
12_102929883_G_A	2.500e-02	0.83	2.899e-06
7_25419069_A_C	2.100e-02	0.26	3.227e-06
3_184199695_A_G	-1.900e-02	0.67	3.271e-06
9_96830635_C_T	2.200e-02	0.22	4.064e-06
12_102914109_T_C	2.800e-02	0.89	4.319e-06
5_39648564_C_T	-4.200e-02	0.94	4.330e-06
3_184187310_A_C	-1.900e-02	0.68	4.615e-06
12_102914640_A_G	2.800e-02	0.88	4.620e-06
12_102962507_G_A	-2.900e-02	0.10	5.489e-06
5_153822342_G_T	2.100e-02	0.28	6.021e-06
16_51531732_G_T	-3.000e-02	0.10	6.277e-06
13_51631607_T_C	2.200e-02	0.79	6.674e-06
5_39633745_G_T	-4.000e-02	0.95	7.083e-06
11_35244058_A_G	1.900e-02	0.34	7.457e-06
12_102797196_A_G	1.900e-02	0.73	7.628e-06
7_25424565_T_C	2.000e-02	0.26	7.922e-06
12_102810269_T_C	1.900e-02	0.73	7.949e-06
12_102907302_G_A	2.200e-02	0.82	8.493e-06
12_102908993_A_G	2.800e-02	0.88	8.639e-06
12_102911650_G_C	2.800e-02	0.89	8.691e-06
12_102908197_C_T	2.800e-02	0.88	8.843e-06
12_102943000_A_G	2.400e-02	0.82	9.250e-06
3_184196822_T_C	-1.900e-02	0.68	9.559e-06
12_117623286_A_G	1.200e-01	1.00	9.743e-06
1_188443863_C_T	-4.000e-02	0.17	9.762e-06
5_39639421_T_C	-4.100e-02	0.95	.0000103
7_25416447_A_G	2.000e-02	0.26	.00001047
15_61981920_T_C	-1.800e-02	0.47	.0000105
7_25424234_C_T	2.000e-02	0.26	.00001069
6_35003603_G_T	1.800e-02	0.46	.000011
8_4092133_T_C	1.200e-01	0.01	.00001106
15_61976593_T_C	-1.800e-02	0.46	.00001138
7_25389745_C_T	2.000e-02	0.27	.00001175
13_79718725_G_A	6.300e-02	0.04	.00001198
3_68384560_A_C	-1.800e-02	0.40	.00001262
4_37841942_T_C	2.100e-02	0.21	.00001339
4_37838383_C_T	2.100e-02	0.21	.00001346
4_37841430_C_T	2.100e-02	0.21	.00001353
15_61977867_G_C	-1.700e-02	0.44	.0000136
10_89763070_C_G	2.600e-02	0.14	.00001366
12_102893859_C_T	2.700e-02	0.89	.00001379
3_184185085_G_A	-1.800e-02	0.63	.00001391
12_102942355_G_A	2.300e-02	0.82	.00001392
4_37837065_A_G	2.100e-02	0.21	.00001431
4_37837567_T_C	2.100e-02	0.21	.00001452
4_37837258_G_A	2.100e-02	0.21	.00001457
4_37836621_A_T	2.100e-02	0.21	.00001463
9_96821924_C_T	2.100e-02	0.22	.00001464
12_102950218_T_C	2.200e-02	0.82	.00001467
13_79720211_C_A	6.200e-02	0.04	.00001472
12_102943707_G_C	2.300e-02	0.82	.00001481
4_126310531_G_A	1.800e-02	0.40	.00001483
13_80649246_G_T	-2.500e-02	0.14	.00001495
1_109358958_T_C	-1.900e-02	0.23	.00001532
4_93896412_G_C	-8.000e-02	0.0040	.00001557
3_68379240_C_G	-1.800e-02	0.39	.00001585
9_96775701_G_A	2.100e-02	0.22	.00001603
12_102950048_T_C	2.200e-02	0.82	.0000164
15_61971933_A_G	-1.800e-02	0.44	.0000177
16_19769823_T_C	-2.300e-02	0.15	.0000178
12_102827441_G_C	1.900e-02	0.73	.00001792
6_35004819_C_T	1.900e-02	0.40	.00001828
3_164356935_C_T	5.000e-02	0.04	.00001833
11_35266944_G_A	1.800e-02	0.35	.00001842
3_68380055_A_C	-1.800e-02	0.40	.00001846
12_102959565_G_A	-2.200e-02	0.17	.00001881
7_25393047_C_T	1.900e-02	0.27	.00002089
16_19769394_A_G	-2.200e-02	0.15	.00002093
15_61985968_T_C	-1.700e-02	0.49	.00002116
13_80642677_A_C	-2.300e-02	0.16	.00002121
5_31677130_G_T	-1.900e-02	0.34	.00002141
7_25389664_T_C	1.900e-02	0.27	.00002152
15_61970165_A_G	-1.800e-02	0.41	.00002175
6_35005084_A_C	-1.900e-02	0.28	.00002204
15_61983884_A_C	-1.700e-02	0.50	.00002232
6_142568305_C_T	3.600e-02	0.93	.00002244
12_102929140_T_C	3.000e-02	0.90	.00002342
7_25402437_A_G	1.900e-02	0.27	.0000236
16_19753334_T_C	-2.200e-02	0.15	.00002385
12_102881696_T_G	2.700e-02	0.89	.00002424
12_13096761_C_T	-3.900e-02	0.04	.00002443
16_19753456_G_A	-2.200e-02	0.15	.00002473
16_19750275_G_A	-2.200e-02	0.15	.00002473
1_109357456_C_A	-1.900e-02	0.23	.00002526
16_19740237_A_G	-2.200e-02	0.15	.00002619
16_19774713_A_G	-2.200e-02	0.15	.00002648
6_102660014_C_T	-2.000e-02	0.28	.00002657
13_88037762_G_A	-1.500e-01	0.01	.0000266
3_56218725_C_G	3.800e-02	0.05	.00002691
15_61984638_A_C	-1.700e-02	0.49	.00002732
16_19743649_T_C	-2.300e-02	0.15	.00002735
7_50786663_G_A	-1.800e-02	0.69	.0000275
13_79725454_C_T	5.600e-02	0.04	.00002756
16_19758885_A_C	-2.200e-02	0.15	.00002761
5_31673156_A_G	-2.100e-02	0.24	.00002801
16_19386941_G_A	-1.700e-02	0.49	.00002804
7_25388946_G_T	1.900e-02	0.27	.00002829
7_50801917_C_T	-1.800e-02	0.69	.00002868
7_25399600_C_A	1.800e-02	0.27	.00002899
13_79683193_C_T	5.500e-02	0.05	.00002917
16_19711439_T_C	-2.200e-02	0.15	.00002927
13_79722220_T_C	5.500e-02	0.04	.00002936
8_67193868_C_T	-2.800e-02	0.09	.0000294
13_79721323_C_G	5.500e-02	0.04	.00003041
6_142573662_C_T	3.600e-02	0.93	.0000308
7_50791579_T_C	-1.800e-02	0.69	.00003098
16_19722309_A_C	-2.200e-02	0.16	.00003115
16_19762935_A_G	-2.200e-02	0.15	.00003121
7_50799889_C_T	-1.800e-02	0.69	.00003172
13_80659377_G_A	-2.400e-02	0.15	.00003271
16_19728455_A_G	-2.200e-02	0.16	.00003302
16_19725130_C_T	-2.200e-02	0.15	.00003311
16_19735697_T_C	-2.200e-02	0.15	.00003315
13_79687409_C_T	5.400e-02	0.05	.00003319
5_73486650_G_T	-1.900e-02	0.75	.0000334
12_102953895_C_A	2.100e-02	0.82	.00003351
5_39694399_C_T	-3.600e-02	0.95	.00003365
7_50801117_T_C	-1.800e-02	0.68	.00003402
12_102930095_T_C	2.300e-02	0.84	.00003449
12_102936946_C_T	2.100e-02	0.83	.00003465
12_102937106_G_A	2.200e-02	0.83	.00003466
16_19750051_A_G	-2.200e-02	0.15	.00003467
8_33573626_G_A	-1.700e-02	0.42	.00003493
8_33578917_C_T	-1.700e-02	0.42	.00003515
1_54355208_G_A	-2.200e-02	0.18	.00003518
20_30544396_A_G	1.800e-02	0.33	.00003553
12_102935262_G_A	2.100e-02	0.83	.00003584
16_19708196_A_G	-2.200e-02	0.16	.00003596
7_25415066_A_T	1.800e-02	0.27	.00003608
16_19766034_A_T	-2.200e-02	0.15	.0000361
12_102937739_A_G	2.100e-02	0.83	.00003625
10_34031508_A_G	-8.200e-02	0.97	.00003662
7_25397168_G_A	1.800e-02	0.27	.00003683
3_184202412_G_C	-1.600e-02	0.48	.00003745
4_37838237_C_T	2.100e-02	0.21	.00003746
5_169649581_A_C	2.300e-02	0.14	.00003758
16_19710702_A_G	-2.200e-02	0.15	.00003761
11_112524555_C_A	2.000e-02	0.25	.00003811
5_39655343_A_G	-3.700e-02	0.95	.00003889
19_4650018_T_C	-2.500e-02	0.22	.00003923
12_57083022_G_C	3.200e-02	0.08	.0000394
5_73479452_T_A	-1.800e-02	0.66	.00003946
13_80654554_G_A	-2.400e-02	0.14	.00003972
6_33872257_T_C	-2.000e-02	0.58	.00004044
1_109356362_G_A	-1.900e-02	0.23	.00004077
16_19759007_A_C	-2.200e-02	0.15	.00004192
1_59830809_C_T	-3.200e-02	0.27	.00004244
8_14951243_T_G	-2.500e-02	0.09	.00004294
16_19759575_T_C	-2.100e-02	0.15	.00004335
16_19778575_A_G	-2.600e-02	0.11	.00004344
5_92063744_C_A	2.900e-02	0.15	.00004375
5_39658295_A_G	-3.700e-02	0.94	.00004379
6_34982058_G_A	2.900e-02	0.69	.0000439
11_35242907_G_A	1.700e-02	0.35	.00004395
7_80035222_T_C	-6.400e-02	0.04	.00004439
5_153790531_T_C	-2.000e-02	0.67	.00004486
13_55845817_T_C	1.700e-02	0.33	.00004535
5_153786803_A_C	3.400e-02	0.11	.00004599
10_122538919_C_T	3.400e-02	0.07	.00004762
4_106394380_C_A	1.800e-02	0.70	.00004773
5_39800413_C_G	-3.600e-02	0.95	.00004788
5_39656759_T_C	-3.700e-02	0.95	.00004851
20_31073168_G_A	3.000e-02	0.08	.00004864
8_67194135_T_C	-1.800e-02	0.30	.00004878
8_33576272_G_A	-1.700e-02	0.42	.00004905
6_142590090_T_C	3.500e-02	0.93	.00004937
16_19711469_G_A	-2.100e-02	0.15	.00004951
7_80048404_A_G	-6.400e-02	0.04	.00004965
7_92648521_G_A	5.000e-02	0.13	.00005029
10_52309380_A_C	1.600e-02	0.57	.00005055
5_39656572_C_G	-3.700e-02	0.95	.00005085
16_19727998_A_G	-2.200e-02	0.16	.00005108
5_39661046_T_C	-3.700e-02	0.95	.00005236
12_102957819_A_C	2.800e-02	0.92	.00005248
16_19713882_A_G	-2.100e-02	0.16	.00005291
16_19729016_G_C	-2.100e-02	0.15	.00005311
6_89272446_A_G	-1.800e-02	0.66	.00005332
5_39801338_C_A	-3.600e-02	0.95	.00005341
11_35267855_A_G	1.600e-02	0.39	.00005363
8_67198844_G_A	-1.800e-02	0.31	.00005391
8_67194171_G_A	-2.100e-02	0.18	.00005392
16_19739002_C_G	-2.100e-02	0.15	.00005481
13_80623346_A_C	-2.000e-02	0.22	.00005566
11_35264090_A_C	1.600e-02	0.38	.00005588
8_33571496_T_C	-1.700e-02	0.35	.00005643
10_89762464_A_C	2.400e-02	0.14	.00005653
1_188464881_C_G	-3.900e-02	0.18	.00005675
20_31075661_G_C	2.900e-02	0.08	.00005831
20_31075696_A_G	3.000e-02	0.07	.00005848
5_116733635_A_T	1.700e-02	0.61	.00005867
16_53964826_C_T	-3.800e-02	0.11	.00006021
1_109341772_G_T	1.800e-02	0.77	.00006048
10_89768584_G_A	2.400e-02	0.14	.00006078
7_50758245_C_T	-1.800e-02	0.73	.00006183
5_39650196_C_G	-3.600e-02	0.87	.00006191
11_35296772_G_A	1.600e-02	0.38	.00006207
16_19718725_T_A	-2.100e-02	0.15	.00006214
11_64793738_G_A	-1.900e-02	0.71	.00006224
9_133473172_C_T	-6.800e-02	0.01	.00006237
7_50858645_G_A	-1.800e-02	0.45	.00006244
11_35268900_T_C	1.600e-02	0.38	.00006305
16_19722366_T_C	-2.100e-02	0.15	.00006351
5_39737356_G_A	-3.700e-02	0.95	.0000638
16_19721515_A_G	-2.100e-02	0.16	.00006385
5_39803400_T_C	-3.500e-02	0.95	.00006392
11_64792254_A_G	-1.800e-02	0.71	.00006453
10_89764490_T_G	2.400e-02	0.14	.00006478
10_89757173_G_A	2.400e-02	0.14	.00006513
10_89766368_G_A	2.400e-02	0.14	.00006539
16_19719946_C_A	-2.100e-02	0.15	.00006541
1_109325028_T_C	-1.800e-02	0.23	.0000658
15_51547938_C_G	-1.600e-02	0.43	.00006581
11_35270854_G_T	1.600e-02	0.38	.00006588
3_49524236_T_G	1.600e-02	0.43	.00006648
1_109332774_C_A	-1.800e-02	0.23	.0000665
7_50808033_T_C	-1.900e-02	0.77	.00006655
16_19793011_C_T	-2.100e-02	0.15	.00006689
20_59989413_C_T	1.600e-02	0.60	.00006691
11_35317415_A_G	1.600e-02	0.38	.00006705
3_49458266_G_A	1.600e-02	0.42	.00006717
4_100005538_C_T	-1.800e-02	0.74	.00006717
10_89755643_C_T	2.400e-02	0.14	.00006741
8_67209954_T_C	-1.800e-02	0.29	.00006747
6_142568149_A_C	3.400e-02	0.93	.00006767
20_59990470_A_T	1.600e-02	0.60	.00006779
10_89768488_G_A	2.400e-02	0.14	.00006792
6_142569961_C_A	3.400e-02	0.93	.00006799
6_142568990_T_C	3.400e-02	0.93	.00006812
12_57167510_A_G	2.900e-02	0.09	.00006832
11_35317860_C_G	1.600e-02	0.38	.00006835
19_4652822_C_G	-2.200e-02	0.25	.00006845
11_35317353_A_G	1.600e-02	0.38	.00006859
1_109305002_G_T	-1.800e-02	0.23	.00006873
5_153789982_T_C	-1.900e-02	0.67	.00006889
18_22498495_C_G	1.700e-02	0.56	.000069
10_89754445_C_T	2.400e-02	0.14	.00006917
16_19795409_A_T	-2.100e-02	0.15	.0000692
3_49520958_A_G	1.600e-02	0.43	.0000694
5_39645773_G_A	-3.600e-02	0.95	.00006952
6_33836691_A_G	-2.100e-02	0.78	.0000698
16_19784691_A_G	-2.100e-02	0.15	.00007001
15_51536141_T_G	-1.600e-02	0.55	.00007018
8_67207411_T_G	-1.800e-02	0.29	.00007026
3_49538799_T_C	1.600e-02	0.43	.00007031
2_234756811_G_T	-2.300e-02	0.16	.00007056
11_112512909_C_T	1.800e-02	0.27	.00007063
3_49448527_T_C	1.600e-02	0.43	.00007068
10_89755089_A_G	2.400e-02	0.14	.00007069
5_39631732_G_A	-3.600e-02	0.94	.00007105
4_14902168_G_C	1.700e-02	0.31	.00007117
4_100008750_G_A	-1.800e-02	0.74	.00007132
11_35294891_G_C	1.600e-02	0.38	.00007156
20_59989394_G_A	1.600e-02	0.60	.00007175
3_49411404_T_C	1.600e-02	0.43	.00007198
5_39644963_G_A	-3.600e-02	0.95	.00007248
5_116727621_A_G	1.600e-02	0.63	.00007252
3_49429856_C_T	1.600e-02	0.43	.00007254
3_49467206_C_G	1.600e-02	0.42	.0000728
3_49425707_T_G	1.600e-02	0.43	.0000729
16_19792598_C_T	-2.100e-02	0.15	.00007322
6_142570593_C_A	3.400e-02	0.93	.00007396
16_19787411_G_C	-2.100e-02	0.15	.00007468
11_35296708_T_A	1.600e-02	0.38	.00007489
17_70274865_G_A	1.700e-02	0.34	.00007494
6_142571723_T_A	3.400e-02	0.93	.00007502
20_31081487_C_T	3.000e-02	0.07	.00007515
11_35274829_A_G	1.600e-02	0.38	.00007557
11_35272698_A_G	1.600e-02	0.38	.00007565
20_31066181_T_C	2.900e-02	0.08	.0000757
5_39646530_A_C	-3.600e-02	0.95	.00007586
17_70275787_C_T	1.600e-02	0.34	.00007587
4_100012261_G_A	-1.800e-02	0.74	.00007623
11_35273268_T_C	1.600e-02	0.38	.00007668
4_100012303_T_G	-1.800e-02	0.74	.00007679
12_115826824_A_G	1.600e-02	0.39	.00007682
3_184214116_C_T	-1.600e-02	0.33	.00007686
1_109316076_A_G	-1.800e-02	0.23	.00007706
4_126307341_C_T	1.600e-02	0.40	.00007738
3_49497883_T_G	1.600e-02	0.43	.00007783
10_89755075_G_T	2.400e-02	0.14	.00007833
5_39663274_T_G	-3.600e-02	0.95	.00007842
12_115827095_C_T	1.600e-02	0.39	.00007847
12_115826915_T_C	1.600e-02	0.39	.0000786
8_14948644_T_C	-2.400e-02	0.09	.00007884
7_50809771_T_C	-1.800e-02	0.71	.00007903
12_125090853_T_C	2.000e-02	0.52	.00007931
4_100032168_C_G	-1.800e-02	0.74	.0000795
4_100034841_T_C	-1.800e-02	0.74	.00007953
5_39675505_C_T	-3.500e-02	0.95	.00007966
3_184208287_G_C	-1.700e-02	0.32	.00007966
11_35278333_T_A	1.600e-02	0.38	.00007971
11_8369125_C_T	-3.000e-02	0.07	.00007995
3_49433133_G_A	1.600e-02	0.43	.00008007
13_55827262_G_A	1.600e-02	0.33	.00008035
8_67194710_C_A	-1.800e-02	0.27	.00008055
11_35280852_A_G	1.600e-02	0.38	.00008062
16_19794703_C_T	-2.100e-02	0.15	.00008098
5_116750609_C_T	-1.700e-02	0.36	.00008107
19_31715066_C_T	2.800e-02	0.59	.00008107
8_67208673_A_G	-1.800e-02	0.29	.00008126
6_116614301_A_G	-9.100e-02	1.00	.00008134
16_53845487_C_A	1.700e-02	0.42	.00008165
11_35295360_A_G	1.600e-02	0.38	.0000817
11_35296846_A_G	1.600e-02	0.38	.00008197
20_31085055_A_G	2.900e-02	0.08	.00008259
20_31085218_G_A	2.900e-02	0.07	.00008291
11_64803351_A_G	-1.800e-02	0.71	.00008296
11_35294797_C_G	1.600e-02	0.38	.00008336
7_50813956_G_A	-1.800e-02	0.72	.00008359
11_35292312_G_A	1.600e-02	0.38	.00008387
11_35289240_C_T	1.600e-02	0.38	.00008398
9_115788728_G_C	2.500e-02	0.14	.00008403
4_14892354_C_T	1.700e-02	0.31	.00008425
4_100014976_G_A	-1.800e-02	0.74	.00008485
8_67202316_C_A	-1.700e-02	0.31	.00008486
4_106049416_A_T	-2.800e-02	0.12	.00008498
11_35295073_G_C	1.600e-02	0.38	.00008507
13_61300381_A_G	2.300e-02	0.16	.0000854
11_35291714_G_A	1.600e-02	0.38	.00008553
8_33631066_A_T	-1.600e-02	0.48	.00008571
7_50872429_T_C	-1.800e-02	0.75	.0000865
13_55846139_T_A	1.600e-02	0.33	.00008661
8_67199420_G_A	-1.800e-02	0.31	.00008666
1_109385463_A_C	-2.500e-02	0.11	.00008668
15_61982927_A_G	1.600e-02	0.50	.00008669
17_76497920_C_A	-1.700e-02	0.63	.0000869
11_35290365_G_A	1.600e-02	0.38	.00008691
1_109300806_A_G	-1.800e-02	0.23	.00008701
1_109300701_G_C	-1.800e-02	0.23	.00008703
4_14895940_C_T	1.700e-02	0.31	.0000871
1_109305391_G_A	-1.800e-02	0.23	.00008713
11_64795974_C_T	-1.800e-02	0.71	.00008732
5_39630078_C_G	-3.500e-02	0.94	.00008737
11_35290351_G_T	1.600e-02	0.38	.00008761
7_68675461_T_C	2.300e-02	0.12	.00008775
8_67205241_A_C	-1.700e-02	0.28	.00008776
3_49566715_C_T	1.600e-02	0.43	.00008841
9_96843245_G_A	2.600e-02	0.11	.00008844
1_109306559_T_G	-1.800e-02	0.23	.00008856
8_33584661_A_T	-1.600e-02	0.39	.00008865
1_188270647_G_T	-3.500e-02	0.05	.00008867
7_50768153_C_T	-1.800e-02	0.73	.00008896
5_39639610_C_T	-3.500e-02	0.95	.00008926
6_120801349_A_G	2.000e-02	0.80	.00008953
8_16005211_G_C	1.600e-02	0.43	.00008958
11_8367038_A_T	-2.900e-02	0.07	.00008993
12_20952165_T_C	-2.500e-02	0.13	.00009021
20_31190475_T_C	4.200e-02	0.06	.00009024
4_100021787_A_G	-1.800e-02	0.74	.00009053
4_14890632_A_G	1.700e-02	0.31	.0000906
14_41714395_C_A	-1.600e-02	0.51	.00009075
11_8367476_C_T	-2.900e-02	0.07	.00009075
1_109295971_A_G	-1.800e-02	0.23	.0000909
4_100021253_G_C	-1.800e-02	0.74	.00009119
4_106392086_C_A	1.700e-02	0.70	.0000914
10_107089929_C_T	-1.800e-02	0.37	.00009191
8_67197341_T_G	-1.800e-02	0.27	.00009207
4_100023944_T_C	-1.800e-02	0.74	.00009253
7_50783567_G_C	-1.800e-02	0.73	.00009293
5_39669567_G_A	-3.500e-02	0.95	.00009313
4_100039549_G_A	-1.800e-02	0.74	.00009324
5_116740528_C_G	1.600e-02	0.63	.00009325
5_116768772_T_G	-1.600e-02	0.38	.00009335
4_100022724_G_A	-1.800e-02	0.74	.0000935
2_40287810_C_T	-1.900e-02	0.25	.00009373
11_134781624_G_A	1.800e-02	0.25	.00009447
16_53803574_T_A	1.600e-02	0.44	.00009464
1_219643649_A_G	1.700e-02	0.68	.00009469
11_125698654_T_A	-1.700e-02	0.70	.00009495
13_55842591_T_C	1.600e-02	0.33	.00009512
13_58656850_T_G	-2.000e-02	0.16	.00009515
11_35295274_A_T	1.600e-02	0.38	.00009523
16_53800954_T_C	1.600e-02	0.44	.00009548
11_8387326_C_A	-3.000e-02	0.07	.00009556
13_58656599_T_C	-2.000e-02	0.16	.00009556
11_8387382_G_A	-3.000e-02	0.07	.00009593
1_219641450_T_A	1.700e-02	0.68	.00009601
6_142587270_G_C	3.300e-02	0.93	.00009693
4_100039535_A_T	-1.800e-02	0.74	.00009709
11_35298608_T_C	1.600e-02	0.38	.00009711
1_219640680_A_C	1.700e-02	0.68	.00009722
11_8388022_C_T	-3.000e-02	0.08	.0000973
4_24377777_T_C	2.200e-02	0.18	.00009733
11_8389053_G_A	-3.000e-02	0.07	.00009733
10_69856572_A_T	-1.600e-02	0.38	.00009746
3_49570882_T_C	1.500e-02	0.43	.00009748
8_14686997_T_C	8.600e-02	0.0013	.00009771
10_122520154_G_A	3.000e-02	0.06	.00009774
12_102802239_T_C	1.700e-02	0.75	.00009835
3_49459252_C_G	1.600e-02	0.42	.00009854
12_57064399_C_T	3.000e-02	0.08	.00009855
4_100042103_C_G	-1.800e-02	0.74	.00009873
11_8388951_T_C	-3.000e-02	0.07	.00009964
4_100030583_G_A	-1.800e-02	0.74	.0000999
