2_227108446_C_T	-6.500e-02	0.62	1.870e-10
2_227105921_C_T	-6.500e-02	0.63	1.988e-10
2_227116365_A_G	-6.500e-02	0.63	2.791e-10
2_227099180_C_T	-6.500e-02	0.62	2.858e-10
2_227099854_T_C	-6.500e-02	0.62	2.901e-10
2_227099534_A_G	-6.500e-02	0.62	2.984e-10
2_227100698_G_T	-6.400e-02	0.62	3.045e-10
2_227101411_A_G	-6.400e-02	0.63	3.107e-10
2_227093585_A_C	-6.400e-02	0.63	3.658e-10
2_227103717_A_C	-6.500e-02	0.63	3.662e-10
2_227093745_T_C	-6.400e-02	0.63	3.850e-10
2_227092802_A_G	-6.400e-02	0.63	4.185e-10
2_227083411_A_G	-6.200e-02	0.64	1.214e-09
2_227123584_A_G	-6.100e-02	0.63	2.768e-09
2_227077377_C_T	-6.300e-02	0.67	2.801e-09
2_227073854_C_T	-6.300e-02	0.67	3.374e-09
2_227047414_G_T	-6.200e-02	0.67	3.599e-09
2_227054381_A_G	-6.200e-02	0.67	3.617e-09
2_227066471_T_C	-6.200e-02	0.67	3.838e-09
2_227058625_C_T	-6.200e-02	0.67	3.895e-09
2_227066574_A_C	-6.200e-02	0.67	3.936e-09
2_227159867_G_A	-6.200e-02	0.63	4.005e-09
2_227026864_T_A	6.200e-02	0.33	4.347e-09
2_227128543_T_G	-6.000e-02	0.62	4.551e-09
2_227123439_C_T	-6.000e-02	0.62	4.643e-09
2_227128899_G_A	-6.100e-02	0.63	4.839e-09
2_227121918_A_G	-6.000e-02	0.62	5.011e-09
2_227125254_G_A	-6.000e-02	0.62	5.132e-09
2_227128917_C_A	-6.000e-02	0.62	5.462e-09
2_227141768_A_T	-6.100e-02	0.63	5.644e-09
2_227047771_C_T	-6.100e-02	0.66	5.740e-09
2_227125416_T_A	-6.000e-02	0.63	5.991e-09
2_227156730_C_T	-6.100e-02	0.62	6.146e-09
2_227159177_G_A	-6.100e-02	0.61	6.151e-09
2_227137125_T_C	-6.000e-02	0.63	6.440e-09
2_227062080_A_G	-6.100e-02	0.66	6.531e-09
2_227151596_G_A	-6.000e-02	0.63	6.566e-09
2_227068080_A_C	-6.100e-02	0.66	6.608e-09
2_227020653_A_G	6.100e-02	0.35	6.802e-09
2_227141248_A_G	-6.100e-02	0.63	6.895e-09
2_227122216_G_T	-5.900e-02	0.62	6.965e-09
2_227140486_A_G	-6.000e-02	0.63	7.011e-09
2_227123086_C_T	-5.900e-02	0.62	7.266e-09
2_227164504_C_G	-6.000e-02	0.63	7.303e-09
2_227171603_T_C	-6.100e-02	0.63	7.547e-09
2_227157209_A_G	-6.000e-02	0.63	7.739e-09
2_227156662_C_T	-6.000e-02	0.62	7.773e-09
2_227022036_T_C	6.700e-02	0.35	9.372e-09
2_227181683_G_T	-6.100e-02	0.61	1.012e-08
2_227156645_G_C	-5.900e-02	0.62	1.350e-08
2_227179630_C_G	-6.000e-02	0.62	1.472e-08
2_227180619_G_T	-6.000e-02	0.62	1.515e-08
2_227011320_C_G	6.600e-02	0.21	4.287e-08
18_60845884_T_C	6.700e-02	0.40	1.392e-07
15_98283205_G_A	-5.400e-02	0.40	2.001e-07
15_98283392_T_A	-5.400e-02	0.40	2.056e-07
15_98283515_G_C	-5.400e-02	0.40	2.100e-07
15_98283807_C_T	-5.300e-02	0.40	2.181e-07
10_30246742_G_A	-1.500e-01	0.08	2.561e-07
3_137997742_G_T	-9.200e-02	0.12	3.676e-07
15_98282615_T_A	-5.100e-02	0.42	5.118e-07
2_227019461_C_T	5.800e-02	0.23	1.020e-06
15_98285658_G_A	-5.000e-02	0.42	1.045e-06
2_227020399_G_A	6.700e-02	0.16	1.269e-06
3_12390484_T_C	6.800e-02	0.12	1.485e-06
15_98287369_T_G	-4.900e-02	0.42	1.562e-06
2_226897985_T_C	5.500e-02	0.24	1.572e-06
2_226899056_A_G	5.500e-02	0.24	1.584e-06
2_226955609_A_G	5.600e-02	0.24	1.761e-06
15_98279490_A_T	-4.900e-02	0.43	1.812e-06
2_226957504_T_C	5.600e-02	0.25	1.851e-06
2_226956763_G_A	5.600e-02	0.24	1.918e-06
15_98232714_T_C	4.800e-02	0.54	1.952e-06
15_98280959_C_G	-4.900e-02	0.43	2.181e-06
2_226917839_T_G	5.400e-02	0.24	2.273e-06
3_12386337_C_T	6.700e-02	0.12	2.285e-06
2_226922858_T_C	5.400e-02	0.24	2.382e-06
2_226900754_T_G	5.400e-02	0.24	2.399e-06
3_12383714_G_A	6.700e-02	0.12	2.507e-06
3_12391207_C_T	6.700e-02	0.12	2.627e-06
3_12391583_G_A	6.800e-02	0.12	2.655e-06
3_12391813_G_A	6.800e-02	0.12	2.721e-06
2_226903750_G_A	5.400e-02	0.24	2.826e-06
2_226957313_A_G	5.500e-02	0.24	2.859e-06
15_98338524_C_T	-4.900e-02	0.38	2.956e-06
3_12392272_C_T	6.700e-02	0.12	3.045e-06
2_226941115_T_C	5.500e-02	0.24	3.061e-06
2_226936848_C_T	5.500e-02	0.24	3.074e-06
2_226990798_C_T	5.300e-02	0.24	3.205e-06
2_226989328_T_G	5.300e-02	0.24	3.209e-06
2_226986707_A_G	5.300e-02	0.24	3.210e-06
2_227117850_T_C	-4.900e-02	0.38	3.210e-06
2_226992209_A_G	5.300e-02	0.24	3.226e-06
2_226992454_C_A	5.300e-02	0.24	3.381e-06
15_98260478_T_A	-4.800e-02	0.39	3.447e-06
2_226916452_C_A	5.300e-02	0.24	3.528e-06
3_12393125_C_G,A	6.700e-02	0.12	3.630e-06
3_12394840_C_T	6.700e-02	0.12	3.640e-06
2_226930201_G_T	5.300e-02	0.24	3.683e-06
2_226926998_A_G	5.300e-02	0.24	3.770e-06
2_226944150_G_A	5.500e-02	0.24	3.859e-06
2_226965347_G_T	5.400e-02	0.24	3.861e-06
2_226924950_C_T	5.300e-02	0.24	3.914e-06
2_226988503_T_A	5.300e-02	0.24	3.927e-06
2_226944282_C_A	5.500e-02	0.24	3.939e-06
2_226963962_T_C	5.400e-02	0.24	3.961e-06
2_226924234_C_T	5.300e-02	0.24	3.970e-06
2_226935229_G_T	5.300e-02	0.24	3.988e-06
2_226947629_T_C	5.500e-02	0.24	4.040e-06
2_226932938_T_C	5.300e-02	0.24	4.118e-06
2_226948783_G_C	5.500e-02	0.24	4.160e-06
3_12396955_G_A	6.700e-02	0.12	4.218e-06
3_12385828_A_G	7.100e-02	0.12	4.224e-06
2_226979632_G_T	5.500e-02	0.24	4.265e-06
3_12369401_C_T	6.700e-02	0.12	4.324e-06
2_226923401_C_T	5.300e-02	0.24	4.566e-06
3_12365308_G_T	6.600e-02	0.12	4.727e-06
1_11131433_T_C	-5.300e-02	0.74	4.768e-06
2_226914836_G_C	5.300e-02	0.24	4.918e-06
1_11129259_T_G	-5.000e-02	0.75	4.941e-06
2_226921917_G_C	5.300e-02	0.24	4.998e-06
1_11125050_T_C	-5.000e-02	0.75	5.178e-06
1_11125866_G_A	-5.000e-02	0.75	5.193e-06
3_12336507_G_A	6.700e-02	0.12	5.200e-06
2_226940153_C_T	5.500e-02	0.24	5.334e-06
1_11130643_A_G	-5.000e-02	0.75	5.545e-06
15_98326409_C_G	4.600e-02	0.52	5.675e-06
14_77546692_A_C	1.900e-01	0.99	5.725e-06
1_11128001_A_G	-5.000e-02	0.75	5.752e-06
1_11132965_G_C	-5.000e-02	0.75	5.911e-06
1_11166302_C_T	-5.100e-02	0.74	5.952e-06
1_11128654_G_A	-5.000e-02	0.73	5.970e-06
1_11132638_G_T	-5.000e-02	0.75	6.417e-06
1_11132541_G_C	-5.000e-02	0.75	6.427e-06
2_226922612_G_A	5.200e-02	0.24	6.844e-06
15_98296741_C_A	-4.600e-02	0.40	7.181e-06
1_11132217_G_A	-4.900e-02	0.75	7.425e-06
15_98301367_C_A	4.600e-02	0.55	7.478e-06
15_98294165_C_T	-4.500e-02	0.45	7.563e-06
15_70409637_C_T	-5.800e-02	0.27	7.690e-06
1_11148759_G_A	-5.100e-02	0.77	7.889e-06
15_98329098_G_A	-4.700e-02	0.39	7.952e-06
15_98308818_C_G	4.600e-02	0.57	8.001e-06
15_98342272_A_C	-4.700e-02	0.39	8.512e-06
1_11128329_A_G	-5.100e-02	0.77	8.524e-06
15_98277870_A_G	-4.600e-02	0.41	8.631e-06
15_98262923_A_T	-4.600e-02	0.41	8.767e-06
15_98295612_G_C	4.400e-02	0.52	8.800e-06
15_98327055_G_A	-4.700e-02	0.39	8.901e-06
15_98329259_C_T	-4.600e-02	0.39	9.029e-06
15_98327328_G_A	-4.600e-02	0.39	9.168e-06
15_98340962_C_T	-4.700e-02	0.35	9.311e-06
15_98302845_G_C	-4.700e-02	0.36	9.548e-06
15_98295138_C_T	4.400e-02	0.52	9.598e-06
4_120170355_A_T	4.500e-02	0.62	9.721e-06
1_11205058_C_T	-4.900e-02	0.74	9.823e-06
15_98296476_T_C	-4.500e-02	0.42	.00001018
1_11172006_A_G	-4.900e-02	0.74	.0000103
15_98262371_G_C	-4.600e-02	0.41	.00001031
4_120180790_T_C	4.500e-02	0.62	.00001043
15_98323510_T_C	-4.600e-02	0.40	.00001051
3_189418217_G_A	1.500e-01	0.02	.0000111
10_65838961_C_T	5.800e-02	0.18	.00001118
15_98296978_T_G	-4.500e-02	0.42	.0000114
15_98342466_C_T	-4.600e-02	0.35	.00001153
15_98321399_G_A	-4.700e-02	0.39	.00001175
6_147967818_C_A	-1.500e-01	0.03	.00001182
6_147965070_A_C	-1.500e-01	0.03	.00001184
15_98296293_G_C	-4.500e-02	0.42	.00001192
15_98259580_C_T	-4.600e-02	0.44	.00001226
1_11112836_T_C	-5.100e-02	0.77	.00001235
2_227161138_A_G	-4.300e-02	0.45	.00001272
13_101944205_A_C	6.100e-02	0.21	.00001277
15_98293701_C_T	4.400e-02	0.52	.00001287
6_111318588_A_G	9.000e-02	0.08	.00001296
6_111322513_C_A	9.400e-02	0.08	.00001296
15_98344917_G_T	-4.600e-02	0.35	.00001306
6_111320183_A_G	9.000e-02	0.08	.00001341
1_11239515_T_C	-4.900e-02	0.74	.00001359
10_65833744_A_G	-5.700e-02	0.80	.00001365
6_111320735_C_A	9.000e-02	0.08	.00001382
6_111322435_A_G	9.000e-02	0.08	.00001383
10_65834166_G_A	-5.700e-02	0.80	.00001389
10_43910711_T_A	6.800e-02	0.16	.00001409
10_65835384_G_A	-5.700e-02	0.80	.00001411
1_11129848_A_G	-4.900e-02	0.77	.00001422
6_147954346_A_C	-1.500e-01	0.03	.00001486
15_98345558_A_C	-4.600e-02	0.35	.00001495
15_98342665_A_G	-4.500e-02	0.39	.00001518
14_77583216_C_T	-1.700e-01	0.01	.00001528
2_227149804_T_G	-4.300e-02	0.45	.00001549
1_58872128_T_C	-7.200e-02	0.09	.00001553
6_111316885_C_T	8.800e-02	0.08	.00001632
6_111314917_A_C	8.800e-02	0.08	.00001635
15_98236193_T_C	4.400e-02	0.59	.0000172
6_111314740_A_G	8.800e-02	0.08	.00001788
2_224624152_T_A	-7.900e-02	0.05	.00001792
10_65835449_A_T	-5.700e-02	0.80	.00001801
1_11130418_A_G	-4.700e-02	0.75	.00001818
6_6979646_C_T	4.600e-02	0.53	.00001862
3_182879648_G_C	-8.000e-02	0.10	.00001933
2_224627419_C_A	-7.900e-02	0.05	.00001941
15_68613787_A_G	-5.800e-02	0.20	.0000196
2_227142666_A_G	-4.300e-02	0.45	.00001987
2_224624121_G_A	-7.900e-02	0.05	.00002003
2_224628612_G_A	-7.800e-02	0.05	.00002005
15_68613922_C_T	-5.800e-02	0.20	.00002007
15_68614019_T_G	-5.800e-02	0.20	.00002011
3_182878123_C_T	-7.900e-02	0.10	.00002014
10_65850129_G_A	-5.700e-02	0.83	.00002015
2_224629333_G_A	-7.800e-02	0.05	.00002018
6_147979774_G_C	-1.400e-01	0.03	.00002027
1_11181327_C_T	4.900e-02	0.23	.00002053
1_227550976_A_T	7.100e-02	0.12	.00002096
2_224630703_G_A	-7.800e-02	0.05	.00002133
1_227552494_C_T	7.100e-02	0.12	.00002159
3_12027240_T_C	8.100e-02	0.06	.00002176
4_157629571_T_G	4.800e-02	0.34	.00002215
1_11191922_T_C	4.800e-02	0.23	.00002238
10_65848106_A_G	-5.600e-02	0.83	.00002246
2_227134516_A_G	-4.300e-02	0.45	.00002251
4_157629220_A_T	4.700e-02	0.34	.00002258
2_227129555_T_C	-4.300e-02	0.45	.00002263
2_224633842_C_T	-7.700e-02	0.04	.00002265
1_227635598_G_A	7.900e-02	0.09	.00002268
2_227139572_A_G	-4.300e-02	0.45	.00002272
4_157628728_T_C	4.700e-02	0.34	.00002274
1_11190646_G_A	4.800e-02	0.23	.00002275
2_224633166_C_T	-7.700e-02	0.04	.00002288
15_98259616_A_G	-4.400e-02	0.42	.00002304
1_11233814_G_A	4.900e-02	0.23	.00002308
1_227560909_C_T	7.800e-02	0.11	.00002322
15_98342395_C_G	-4.400e-02	0.40	.00002353
15_98343538_T_C	-4.400e-02	0.36	.0000236
15_86565691_T_C	5.200e-02	0.31	.00002364
4_4853469_C_G	5.400e-02	0.27	.00002366
1_11212458_A_G	4.800e-02	0.23	.00002376
4_157624496_G_A	4.800e-02	0.34	.0000238
1_11197467_A_G	4.800e-02	0.23	.00002384
4_157623687_T_C	4.800e-02	0.34	.0000239
1_11198502_A_G	4.800e-02	0.23	.00002413
11_69684520_C_T	-4.800e-02	0.25	.0000242
14_77553969_T_C	1.900e-01	0.99	.0000246
14_77551671_A_G	1.900e-01	0.99	.00002466
10_65839970_A_C	-5.500e-02	0.82	.00002469
1_58874059_C_A	-6.900e-02	0.10	.00002486
6_111322421_C_T	8.600e-02	0.08	.00002493
10_65847213_G_A	5.600e-02	0.16	.00002497
1_11207269_C_T	-4.800e-02	0.77	.0000252
10_65855881_A_G	-5.600e-02	0.84	.00002547
1_11127764_C_A	-4.800e-02	0.75	.00002551
4_157634299_T_C	4.600e-02	0.34	.00002573
4_157635043_G_A	4.600e-02	0.34	.00002598
4_157630780_A_C	4.700e-02	0.34	.00002607
2_227177236_C_A	-4.200e-02	0.45	.00002608
5_74997736_T_C	5.600e-02	0.27	.00002617
10_65856115_A_C	5.600e-02	0.16	.00002635
1_227543693_G_A	7.200e-02	0.12	.0000264
15_98235802_C_T	4.300e-02	0.59	.00002673
10_65845866_A_G	-5.600e-02	0.83	.00002674
10_65837750_A_G	-5.200e-02	0.80	.00002724
15_98314128_T_C	4.300e-02	0.52	.00002731
15_98253586_T_G	4.300e-02	0.56	.00002751
10_65845712_G_A	5.500e-02	0.16	.00002758
4_157633622_C_T	4.600e-02	0.34	.00002801
10_65844922_T_C	-5.500e-02	0.84	.00002804
15_98268054_T_C	-4.300e-02	0.46	.00002808
4_157633839_A_G	4.600e-02	0.34	.00002816
10_65859427_C_T	-5.600e-02	0.84	.00002845
1_11236410_C_A	4.800e-02	0.23	.00002853
1_11229515_G_A	4.800e-02	0.23	.00002889
10_65827861_A_C	-5.500e-02	0.80	.0000292
2_165558252_T_C	5.300e-02	0.27	.00002931
3_12289800_A_G	7.900e-02	0.05	.00002931
3_12290898_A_T	7.900e-02	0.05	.00002934
3_12288288_G_A	7.900e-02	0.05	.00002941
4_157635103_A_G	4.600e-02	0.34	.00002951
4_157629701_C_A	4.600e-02	0.36	.00002989
14_77598491_A_G	1.700e-01	0.99	.00002995
15_98307791_T_A	4.300e-02	0.49	.00003008
4_31023610_C_A	4.400e-02	0.36	.00003031
4_31019816_G_A	4.400e-02	0.36	.00003067
3_12285405_G_A	7.900e-02	0.05	.00003096
3_12276493_G_T	7.900e-02	0.05	.00003121
4_157634726_C_T	4.500e-02	0.36	.0000314
18_666371_G_A	4.100e-02	0.46	.00003171
15_98343690_G_A	-4.400e-02	0.36	.00003175
8_2567824_T_G	-5.600e-02	0.20	.00003211
4_157636463_C_A	4.500e-02	0.36	.00003248
1_81800785_A_G	4.700e-02	0.71	.00003252
16_53395441_T_C	4.700e-02	0.40	.00003281
1_11137778_C_T	-4.800e-02	0.75	.00003285
3_12277845_G_A	7.900e-02	0.05	.00003291
2_227174983_A_C	-4.100e-02	0.45	.00003329
18_662103_G_A	4.100e-02	0.46	.00003362
18_662370_T_C	4.100e-02	0.46	.00003365
10_79041127_T_G	4.700e-02	0.26	.00003369
14_77599384_T_C	1.700e-01	0.98	.00003375
15_98334663_G_A	4.400e-02	0.36	.00003376
4_31028190_A_G	4.400e-02	0.35	.00003387
15_98309179_C_T	-4.200e-02	0.47	.00003392
3_12275447_G_A	7.900e-02	0.05	.00003413
2_227020521_C_T	-4.300e-02	0.46	.00003451
4_157639268_G_C	4.500e-02	0.34	.0000366
4_157634867_C_T	4.500e-02	0.34	.00003746
6_122730958_T_A	-4.900e-02	0.25	.00003754
15_98260945_C_T	-4.200e-02	0.45	.00003793
15_98261065_T_G	-4.200e-02	0.45	.00003856
15_98317754_T_C	-4.300e-02	0.40	.000039
4_157641990_T_G	4.400e-02	0.36	.00003903
8_123648234_A_G	4.300e-02	0.50	.00003941
7_154234010_C_G	-4.600e-02	0.25	.00004043
6_128245765_G_T	-6.700e-02	0.14	.00004058
6_144411489_A_C	4.800e-02	0.23	.00004061
15_98259953_A_T	-4.200e-02	0.48	.00004088
10_79091887_C_T	8.200e-02	0.08	.00004149
4_157643582_T_C	4.400e-02	0.36	.00004198
15_98252432_G_T	4.100e-02	0.57	.00004256
4_157644796_C_T	4.400e-02	0.36	.00004283
20_37284070_G_A	1.200e-01	0.03	.00004297
4_126052337_T_C	4.800e-02	0.77	.00004319
10_79051534_G_T	4.600e-02	0.25	.00004353
10_79059483_T_C	4.500e-02	0.26	.00004357
15_98252774_T_C	4.100e-02	0.57	.00004371
14_76311122_A_T	7.000e-02	0.10	.00004386
4_157642163_G_A	4.400e-02	0.36	.00004391
14_39376260_T_C	4.700e-02	0.29	.00004417
6_111300208_G_T	8.000e-02	0.08	.00004422
3_12301472_C_T	7.800e-02	0.05	.00004434
15_98329163_T_A	4.400e-02	0.35	.00004434
10_65823446_C_T	5.500e-02	0.18	.00004441
1_11170131_A_C	-4.700e-02	0.74	.00004499
3_61921339_G_T	-4.900e-02	0.23	.00004526
15_98306216_C_T	4.200e-02	0.48	.0000458
6_111299451_G_A	8.000e-02	0.08	.00004615
3_12301360_G_T	7.700e-02	0.05	.00004638
12_94929495_A_G	1.900e-01	0.03	.00004731
10_65837011_A_G	-5.100e-02	0.80	.00004736
2_227195517_T_C	-4.100e-02	0.54	.00004748
15_98306511_G_C	4.200e-02	0.48	.00004767
22_26615238_G_A	-4.300e-02	0.35	.00004785
6_111277745_A_G	7.900e-02	0.08	.00004788
15_98345076_C_T	-4.300e-02	0.35	.00004802
4_120237564_A_G	4.000e-02	0.56	.00004812
17_43871147_G_A	4.400e-02	0.45	.00004812
14_46029803_G_A	4.100e-02	0.56	.00004817
2_201489465_A_C	-4.300e-02	0.33	.00004833
2_227190317_T_C	-4.100e-02	0.54	.00004836
1_209728590_T_C	-4.300e-02	0.41	.00004849
6_125759606_C_T	9.700e-02	0.06	.00004859
6_150753883_T_C	-4.400e-02	0.57	.00004859
17_77531806_G_C	-8.800e-02	0.13	.00004874
15_98346176_T_C	-4.300e-02	0.38	.00004966
20_37302799_A_G	-7.600e-02	0.92	.00005101
5_446577_G_A	4.100e-02	0.35	.00005135
1_59613905_G_A	4.600e-02	0.28	.00005139
17_43926789_T_C	4.300e-02	0.46	.00005151
15_98256227_T_G	4.100e-02	0.57	.00005177
17_43928810_A_G	4.300e-02	0.46	.00005191
4_126050055_T_C	4.700e-02	0.76	.00005318
4_120243722_T_C	4.000e-02	0.56	.00005396
4_120241849_A_G	4.000e-02	0.56	.00005407
18_661005_A_G	4.000e-02	0.46	.00005446
12_21053236_T_G	9.500e-02	0.03	.00005499
12_21294785_G_A	9.300e-02	0.03	.00005515
8_131555749_C_A	4.700e-02	0.45	.0000552
10_65824079_T_C	5.900e-02	0.15	.00005534
8_23618991_A_G	-7.700e-02	0.12	.00005536
2_65296798_G_A	5.400e-02	0.18	.00005595
4_120242929_G_T	4.000e-02	0.56	.00005609
6_150772453_T_G	4.400e-02	0.34	.0000562
15_98304530_G_A	-4.100e-02	0.45	.00005716
4_120242772_C_A	4.000e-02	0.56	.00005729
6_111949988_C_T	-4.100e-02	0.42	.00005755
2_19499212_G_C	7.100e-02	0.09	.00005911
1_37349733_C_A	-7.100e-02	0.92	.00005939
3_138096097_A_C	-5.800e-02	0.15	.0000597
3_84401332_A_G	5.200e-02	0.29	.00006017
14_77600746_T_A	1.600e-01	0.99	.00006081
4_120127761_G_C	-4.200e-02	0.34	.00006082
3_12143355_A_C	8.000e-02	0.06	.00006114
1_59616910_C_G	-4.200e-02	0.63	.00006123
5_452355_C_T	4.000e-02	0.35	.0000619
6_111270957_G_A	9.300e-02	0.08	.00006286
3_12359049_G_A	4.700e-02	0.21	.00006298
1_60181335_G_A	4.200e-02	0.54	.00006334
3_61920405_C_A	-4.800e-02	0.23	.00006383
14_76301166_A_T	6.800e-02	0.10	.00006425
10_65833986_G_A	-5.100e-02	0.79	.00006445
18_31514371_T_C	4.700e-02	0.21	.00006622
10_65831503_G_A	-5.100e-02	0.79	.00006666
4_120127117_T_C	-4.200e-02	0.34	.00006727
4_157734675_A_G	4.400e-02	0.35	.00006748
10_65833782_G_T	-5.100e-02	0.79	.00006865
10_79060870_G_A	4.400e-02	0.25	.00006868
7_111828164_G_A	1.000e-01	0.96	.00006878
10_79064114_C_T	4.400e-02	0.25	.00006888
10_79063521_A_C	4.400e-02	0.25	.00006907
2_201488435_T_C	-4.200e-02	0.33	.00006916
11_125266893_A_G	-4.600e-02	0.30	.00006953
1_34649129_G_A	-1.700e-01	0.04	.00006954
3_12147236_C_G	7.900e-02	0.06	.00006971
4_157627255_A_G	5.100e-02	0.24	.00006992
4_126060769_A_C	4.700e-02	0.76	.00007
2_227198983_G_A	-4.000e-02	0.54	.00007013
1_59649116_A_G	4.400e-02	0.28	.00007046
3_61928158_T_A	-4.800e-02	0.23	.00007052
3_12148848_G_A	7.900e-02	0.06	.00007068
15_98343740_C_T	-4.100e-02	0.41	.00007092
10_79054216_A_G	4.400e-02	0.25	.00007174
3_138095525_T_C	-5.800e-02	0.15	.00007251
2_239722967_A_T	6.000e-02	0.67	.00007282
2_216037892_G_A	8.400e-02	0.04	.00007387
3_12131687_C_T	7.800e-02	0.06	.00007486
4_4848349_G_A	-4.100e-02	0.47	.00007489
3_61935805_T_C	-4.800e-02	0.23	.00007523
11_69049296_A_T	4.900e-02	0.19	.00007527
3_61934804_T_C	-4.800e-02	0.23	.00007614
10_79061985_C_T	4.400e-02	0.25	.00007616
4_120237574_T_C	4.000e-02	0.56	.00007628
20_10154295_G_A	-6.900e-02	0.15	.00007692
14_39368356_G_A	6.500e-02	0.10	.00007911
11_69053932_A_G	4.900e-02	0.19	.00007914
15_98319302_C_T	4.200e-02	0.36	.0000796
14_46030348_A_C	4.000e-02	0.56	.00007985
6_33836866_T_C	4.200e-02	0.35	.0000801
2_61996281_G_C	7.200e-02	0.09	.00008025
14_46028940_A_G	3.900e-02	0.57	.0000814
15_98211723_G_T	4.300e-02	0.47	.00008156
3_138122122_C_T	-5.800e-02	0.15	.00008196
15_98377630_T_C	-4.200e-02	0.37	.0000823
4_126039335_T_G	4.600e-02	0.76	.00008299
15_98347069_T_C	-4.200e-02	0.37	.00008414
7_154225365_C_T	-4.100e-02	0.30	.00008527
4_157724646_T_C	4.300e-02	0.35	.0000854
10_29830479_C_T	1.800e-01	0.02	.00008661
5_148835135_T_A	4.200e-02	0.44	.00008719
5_148832326_T_C	-4.100e-02	0.45	.00008728
1_11249132_G_C	4.500e-02	0.26	.00008739
14_46029147_A_G	3.900e-02	0.56	.00008791
15_98379413_C_G	4.000e-02	0.48	.00008816
3_61936843_A_G	-4.800e-02	0.23	.0000883
5_53276301_G_A	-4.200e-02	0.71	.00008832
4_157739565_C_T	4.300e-02	0.36	.00008838
7_111836466_A_G	1.100e-01	0.97	.00008925
15_98377912_C_T	-4.100e-02	0.47	.00008942
8_54499488_C_A	-4.300e-02	0.71	.00008948
4_157724968_A_G	4.300e-02	0.35	.00008952
9_77737029_G_A	4.300e-02	0.36	.00009024
5_148835007_C_G	4.200e-02	0.44	.00009127
9_104200767_A_G	2.100e-01	0.99	.00009129
3_61934148_T_C	-4.700e-02	0.23	.00009138
16_63897984_C_T	-1.800e-01	0.04	.00009165
6_6962987_T_A	7.200e-02	0.93	.00009195
15_98335806_T_C	-4.000e-02	0.43	.00009338
5_453121_G_C	3.900e-02	0.36	.00009362
20_32232949_G_T	5.600e-02	0.16	.00009365
5_74984818_A_T	4.300e-02	0.28	.00009378
6_111323972_C_G	5.500e-02	0.19	.00009445
17_43854502_A_G	4.800e-02	0.38	.000095
2_227005350_G_A	4.000e-02	0.54	.00009514
15_98319078_G_C	-4.000e-02	0.42	.00009517
11_129947739_G_A	5.700e-02	0.12	.00009543
2_201456245_G_A	-4.600e-02	0.20	.00009563
4_181824276_C_T	5.000e-02	0.79	.00009595
1_151464911_T_C	7.500e-02	0.95	.00009685
4_157722287_T_C	5.300e-02	0.17	.0000969
3_138124114_T_G	-5.700e-02	0.14	.00009701
1_81816156_A_T	4.300e-02	0.71	.00009766
1_81791213_A_G	3.900e-02	0.54	.00009778
1_41514150_C_G	-4.600e-02	0.80	.00009812
6_52598501_C_T	-4.100e-02	0.57	.00009815
14_32776136_T_C	4.100e-02	0.66	.00009831
5_74986576_G_A	4.300e-02	0.28	.00009836
4_157722036_C_T	4.300e-02	0.35	.0000986
15_98352135_C_A	-4.100e-02	0.36	.00009866
16_26808895_G_T	3.900e-02	0.51	.0001
