1_224538940_C_T	-1.671e-01	0.18	1.008E-7
3_184876783_G_A	-1.509e-01	0.82	6.514E-7
14_67888775_G_A	3.415e-01	0.04	1.05E-6
1_30426014_C_T	1.570e-01	0.12	1.202E-6
3_61122318_C_T	1.062e-01	0.43	1.236E-6
14_67873128_C_T	2.295e-01	0.06	1.571E-6
16_1320593_G_A	1.310e-01	0.69	1.588E-6
1_30410502_A_C	1.529e-01	0.12	1.981E-6
16_1316225_A_G	1.256e-01	0.70	2.826E-6
3_61082153_T_C	-9.985e-02	0.53	4.082E-6
16_1313637_T_C	1.245e-01	0.70	4.313E-6
3_61111195_G_T	-9.662e-02	0.48	6.042E-6
1_236546142_G_A	1.450e-01	0.86	6.089E-6
1_236552530_A_G	1.480e-01	0.86	6.423E-6
15_26767183_A_G	1.014e-01	0.46	7.647E-6
1_236557771_G_A	1.328e-01	0.81	7.8E-6
1_236545893_T_G	1.434e-01	0.86	7.89E-6
1_236547422_T_G	1.428e-01	0.86	7.995E-6
3_61106321_T_G	-9.531e-02	0.54	8.471E-6
1_236557928_G_A	1.319e-01	0.81	9.548E-6
3_184853342_A_G	-1.328e-01	0.82	9.697E-6
10_24791381_A_G	9.574e-02	0.48	9.935E-6
15_26766649_T_C	1.003e-01	0.46	9.997E-6
10_24789614_T_C	9.530e-02	0.48	9.999E-6
1_236557412_T_G	1.314e-01	0.81	0.0000102
9_74851035_A_G	-9.440e-02	0.42	0.00001061
9_2194227_C_T	1.071e-01	0.75	0.00001063
3_61156905_T_G	9.486e-02	0.42	0.00001112
18_40872273_T_C	-1.115e-01	0.23	0.00001206
9_74836247_T_C	-9.258e-02	0.46	0.0000123
9_74836085_G_T	-9.255e-02	0.46	0.00001252
3_61150158_C_T	9.349e-02	0.42	0.00001259
3_61149967_T_C	9.365e-02	0.42	0.00001267
14_67232573_G_A	2.086e-01	0.06	0.00001367
3_61153578_A_C	9.299e-02	0.42	0.00001371
3_61155891_C_G	9.277e-02	0.42	0.0000146
3_132837238_T_C	9.442e-02	0.58	0.00001478
14_67270123_A_G	2.083e-01	0.06	0.000015
4_188191306_C_A	-1.495e-01	0.89	0.00001532
8_19382331_A_G	-1.213e-01	0.82	0.00001532
2_139959808_C_T	-2.625e-01	0.96	0.00001589
16_3992783_C_T	2.327e-01	0.04	0.00001595
10_24806631_G_A	9.258e-02	0.48	0.00001611
8_19379676_G_A	-1.219e-01	0.83	0.00001627
3_132784951_T_C	9.244e-02	0.57	0.00001741
4_188190219_G_T	-1.488e-01	0.89	0.00001754
3_183876512_A_C	-9.622e-02	0.46	0.00001825
3_61155929_T_C	9.168e-02	0.42	0.00001836
8_19389899_G_A	1.204e-01	0.18	0.00001858
3_132792209_C_A	9.258e-02	0.57	0.00001862
3_61159488_A_C	9.190e-02	0.42	0.00001866
2_139914818_C_A	-2.628e-01	0.96	0.00001912
3_132841417_T_C	9.321e-02	0.58	0.00001956
2_139961825_G_A	-2.614e-01	0.96	0.00001966
3_132790857_C_G	9.168e-02	0.57	0.00001971
3_72657113_A_C	-1.017e-01	0.24	0.00001973
3_132843338_G_A	9.349e-02	0.58	0.00001985
3_132794953_A_G	9.069e-02	0.45	0.00001986
4_188191516_C_T	-1.518e-01	0.89	0.00002013
16_3994696_T_C	2.316e-01	0.04	0.00002015
12_92824593_T_G	9.036e-02	0.53	0.00002049
4_188190117_C_T	-1.470e-01	0.89	0.00002056
4_188201350_T_G	-1.406e-01	0.87	0.00002086
3_97771736_T_G	9.288e-02	0.63	0.00002134
12_130159705_G_T	-1.083e-01	0.31	0.00002165
5_173183362_C_T	-1.383e-01	0.34	0.00002207
18_40862247_C_A	-1.085e-01	0.23	0.00002257
3_72657311_T_C	-1.017e-01	0.24	0.0000231
11_19451020_C_T	-1.021e-01	0.26	0.00002359
1_236555310_A_T	1.257e-01	0.81	0.00002385
5_118617170_T_C	-1.124e-01	0.82	0.0000244
7_78326526_C_T	-1.676e-01	0.07	0.0000251
12_92818786_A_G	8.926e-02	0.53	0.0000254
12_92819139_A_C	8.915e-02	0.53	0.00002592
2_139938408_G_A	-2.579e-01	0.96	0.00002637
7_78322498_T_C	-1.672e-01	0.07	0.00002673
4_95608023_G_T	-1.084e-01	0.62	0.00002714
10_92587500_C_A	-8.851e-02	0.51	0.00002828
12_92806197_A_G	8.851e-02	0.53	0.00002877
8_19377781_T_C	1.180e-01	0.18	0.00002961
8_19380311_C_T	1.178e-01	0.18	0.00002998
1_30414182_T_G	1.253e-01	0.16	0.00003019
2_139976061_G_T	2.546e-01	0.04	0.00003166
1_30422596_A_G	1.253e-01	0.16	0.00003198
7_139672617_G_T	-2.274e-01	0.05	0.00003212
4_92734718_T_C	1.633e-01	0.08	0.00003278
3_132790686_T_G	8.807e-02	0.45	0.00003303
4_92734290_C_T	1.638e-01	0.08	0.00003421
7_103130403_A_G	1.085e-01	0.21	0.00003463
18_20918419_C_G	-9.440e-02	0.70	0.00003485
16_8308675_G_A	-1.069e-01	0.20	0.00003502
3_132776901_C_T	8.709e-02	0.45	0.00003668
12_92813646_A_G	8.752e-02	0.53	0.00003718
1_30415026_G_A	1.231e-01	0.16	0.00003888
11_19451505_T_A	-9.949e-02	0.26	0.0000391
7_54551310_T_C	8.807e-02	0.43	0.00003936
1_30439760_A_G	1.377e-01	0.12	0.00003954
3_132777314_T_C	8.687e-02	0.45	0.00004102
9_30982620_T_C	-8.801e-02	0.51	0.00004137
3_16885602_C_T	-1.806e-01	0.05	0.0000414
3_184838045_C_T	-2.127e-01	0.94	0.00004232
13_85285855_G_C	-8.742e-02	0.46	0.00004335
8_3936904_C_G	8.840e-02	0.56	0.00004375
18_20921272_T_C	-9.258e-02	0.70	0.00004453
8_3937595_A_G	8.774e-02	0.56	0.00004536
5_1691202_C_G	-3.626e-01	0.03	0.0000471
9_30982002_C_T	-8.752e-02	0.51	0.00004731
6_104128743_T_G	1.506e-01	0.08	0.00004836
9_74846104_A_G	-9.622e-02	0.28	0.00004847
3_132760427_C_T	8.618e-02	0.44	0.00004883
3_61246997_G_A	8.801e-02	0.40	0.00004939
3_132763170_C_A	8.618e-02	0.44	0.00004966
3_61071811_G_A	-8.872e-02	0.47	0.00005116
3_61186550_T_G	8.818e-02	0.39	0.00005126
3_72674925_A_G	-9.713e-02	0.26	0.00005315
15_23752506_G_A	-9.277e-02	0.60	0.00005375
7_78356377_T_C	-1.672e-01	0.07	0.00005376
3_97772007_A_G	9.387e-02	0.73	0.0000541
3_61162404_G_T	8.709e-02	0.42	0.00005423
3_61187197_C_T	8.801e-02	0.39	0.0000546
1_22345647_C_T	9.349e-02	0.65	0.00005474
9_94333599_C_T	1.098e-01	0.18	0.00005478
14_26291049_T_C	-1.865e-01	0.83	0.00005491
10_24814503_G_A	9.713e-02	0.59	0.00005546
9_74845989_C_A	-9.508e-02	0.28	0.00005547
7_78353733_T_C	-1.664e-01	0.07	0.0000557
3_61080782_G_T	-8.665e-02	0.47	0.00005591
7_78354472_A_T	-1.664e-01	0.07	0.0000562
7_78353677_T_C	-1.664e-01	0.07	0.00005624
3_97771603_A_G	9.409e-02	0.72	0.00005628
7_90247308_T_C	9.222e-02	0.73	0.00005744
9_74850932_A_C	-9.440e-02	0.28	0.00005821
9_31027597_G_A	-8.555e-02	0.47	0.000059
14_42321934_C_T	-8.545e-02	0.40	0.0000607
10_92548763_C_T	-8.501e-02	0.51	0.00006118
18_20946796_C_T	9.167e-02	0.31	0.00006134
13_85285674_A_G	-8.526e-02	0.46	0.00006186
11_19466720_G_A	8.710e-02	0.64	0.00006198
9_9504580_T_G	-1.947e-01	0.07	0.00006207
18_20913883_A_G	-9.167e-02	0.70	0.00006258
3_61262149_A_G	8.676e-02	0.40	0.00006262
18_20930130_T_C	9.157e-02	0.30	0.00006305
3_72675032_T_C	-9.622e-02	0.26	0.00006335
16_89752194_G_A	-1.361e-01	0.15	0.00006373
16_87461969_G_A	-1.294e-01	0.86	0.00006386
3_7529849_A_T	8.959e-02	0.49	0.00006426
2_232564881_A_C	-1.284e-01	0.16	0.00006495
1_73849655_T_G	-8.618e-02	0.58	0.00006552
15_23747125_G_T	-9.299e-02	0.58	0.00006613
9_94246772_G_A	1.106e-01	0.16	0.00006703
17_9154655_C_T	-1.040e-01	0.23	0.00006714
4_188225183_G_A	-1.370e-01	0.84	0.0000685
15_23746396_A_T	-9.349e-02	0.58	0.00006873
3_183858939_A_C	-8.710e-02	0.46	0.00006912
18_3316176_T_G	1.297e-01	0.14	0.0000693
14_67463012_C_T	1.914e-01	0.06	0.00006936
4_11159968_G_A	-8.469e-02	0.42	0.00006957
11_66634397_C_T	-9.277e-02	0.27	0.00007108
3_132815704_T_G	8.545e-02	0.55	0.00007229
1_2883858_C_T	1.328e-01	0.16	0.00007271
14_42321101_A_T	-8.434e-02	0.40	0.00007338
18_20911592_T_C	-9.075e-02	0.70	0.00007342
3_61241048_T_C	8.654e-02	0.40	0.00007361
5_54317900_C_T	-8.970e-02	0.55	0.00007483
18_40831637_C_T	-1.047e-01	0.22	0.00007537
7_68204103_G_A	1.222e-01	0.13	0.00007565
17_961900_G_A	-9.091e-02	0.72	0.00007575
9_94321069_G_T	1.080e-01	0.17	0.00007582
7_103141703_T_C	1.166e-01	0.15	0.00007707
7_103141147_A_G	1.166e-01	0.15	0.00008068
3_61132698_C_T	-8.425e-02	0.53	0.00008141
13_85265635_T_C	8.382e-02	0.44	0.00008149
3_61243611_T_C	8.687e-02	0.40	0.00008215
14_35342238_T_C	1.013e-01	0.78	0.00008216
1_22345093_A_G	8.829e-02	0.65	0.00008275
3_16885685_C_A	-1.738e-01	0.05	0.00008334
14_42314553_T_G	-8.434e-02	0.40	0.00008464
1_73849687_T_C	-8.526e-02	0.58	0.00008566
3_183864863_G_A	-8.469e-02	0.43	0.00008605
5_1496622_C_T	1.354e-01	0.19	0.00008632
10_29291556_C_T	8.434e-02	0.52	0.00008732
18_20935833_G_T	8.984e-02	0.29	0.000088
3_97759649_A_T	8.970e-02	0.72	0.00009001
7_103141437_A_G	1.157e-01	0.15	0.00009148
3_97766185_A_G	8.959e-02	0.72	0.00009216
7_78285960_C_T	-1.202e-01	0.14	0.00009231
5_51861437_A_G	-9.713e-02	0.24	0.00009293
17_11224534_G_A	-8.949e-02	0.66	0.00009369
18_56532820_C_T	-9.618e-02	0.27	0.0000945
8_81839692_G_A	-8.382e-02	0.44	0.00009496
15_23750690_C_T	8.984e-02	0.39	0.00009537
9_93613106_A_T	3.116e-01	0.02	0.00009542
1_224246746_T_G	-1.151e-01	0.18	0.00009603
16_87481032_C_T	1.266e-01	0.13	0.0000965
7_103125585_T_C	1.106e-01	0.17	0.00009657
3_61207077_A_T	8.632e-02	0.35	0.00009682
11_19467431_T_C	-8.984e-02	0.30	0.00009821
16_89754255_T_G	1.325e-01	0.85	0.00009869
3_132760219_G_A	8.342e-02	0.53	0.00009876
1_30459797_G_A	1.310e-01	0.12	0.00009928
14_80213080_G_A	-8.523e-02	0.60	0.00009934
